1 0.8984375 0.07421875 0.203125 0.046875
0 0.9 0.1703125 0.19921875 0.1359375
0 0.68828125 0.13515625 0.2171875 0.196875
0 0.471875 0.125 0.20078125 0.20546875
0 0.21171875 0.12265625 0.2828125 0.14375
0 0.03359375 0.0953125 0.0671875 0.18671875
1 0.2046875 0.0296875 0.2734375 0.0421875
0 0.89921875 0.375 0.2015625 0.11875
1 0.9 0.29140625 0.2 0.04375
0 0.76484375 0.37890625 0.06640625 0.1203125
0 0.6875 0.3640625 0.084375 0.14375
1 0.759375 0.3046875 0.065625 0.0265625
1 0.68984375 0.27578125 0.08203125 0.03828125
0 0.50703125 0.3453125 0.28046875 0.18046875
0 0.24140625 0.29296875 0.22109375 0.13828125
1 0.090625 0.290625 0.08671875 0.14609375
0 0.02265625 0.28984375 0.0453125 0.1484375
0 0.925 0.5140625 0.15 0.10859375
1 0.821875 0.51796875 0.04765625 0.10390625
1 0.78515625 0.53203125 0.0203125 0.08203125
0 0.70859375 0.5203125 0.12265625 0.10625
1 0.53828125 0.5203125 0.2109375 0.10859375
1 0.39609375 0.5375 0.071875 0.08046875
0 0.178125 0.46484375 0.35625 0.1421875
0 0.92890625 0.69140625 0.14140625 0.11796875
1 0.9296875 0.61640625 0.13984375 0.0265625
1 0.8421875 0.6765625 0.03125 0.153125
0 0.79765625 0.6828125 0.05234375 0.15625
1 0.746875 0.6875 0.04609375 0.14140625
1 0.7140625 0.68671875 0.0171875 0.16015625
1 0.671875 0.6359375 0.06015625 0.06171875
0 0.6828125 0.7140625 0.0421875 0.08984375
1 0.65078125 0.71875 0.01796875 0.090625
0 0.50078125 0.68671875 0.26796875 0.1640625
0 0.309375 0.64765625 0.08125 0.16015625
1 0.25234375 0.65078125 0.02578125 0.1703125
0 0.190625 0.6484375 0.09140625 0.165625
1 0.0234375 0.6546875 0.046875 0.165625
0 0.07421875 0.64296875 0.0453125 0.14765625
0 0.1171875 0.6359375 0.03359375 0.13671875
1 0.1203125 0.71640625 0.04296875 0.03203125
1 0.0734375 0.72265625 0.04296875 0.0234375
0 0.915625 0.88125 0.16875 0.165625
1 0.81171875 0.88359375 0.03203125 0.1703125
0 0.74453125 0.91015625 0.09453125 0.1296875
1 0.6828125 0.82265625 0.2234375 0.0421875
0 0.64453125 0.921875 0.04765625 0.10234375
1 0.59296875 0.9140625 0.04921875 0.140625
1 0.68359375 0.9078125 0.03125 0.125
1 0.64296875 0.86015625 0.04453125 0.02578125
0 0.46171875 0.89375 0.1984375 0.18203125
0 0.265625 0.86484375 0.19375 0.2078125
0 0.01171875 0.878125 0.0234375 0.215625
1 0.0953125 0.87265625 0.13984375 0.21171875