0 0.97578125 0.1109375 0.0484375 0.21953125
0 0.96484375 0.4125 0.0703125 0.2828125
0 0.95625 0.95390625 0.08671875 0.09140625
0 0.89921875 0.965625 0.0140625 0.00390625
1 0.7375 0.2609375 0.15625 0.06953125
0 0.7390625 0.41328125 0.15390625 0.22578125
0 0.5578125 0.37265625 0.1984375 0.30546875
1 0.590625 0.0140625 0.4796875 0.02734375
0 0.73671875 0.1140625 0.184375 0.1609375
0 0.50078125 0.11015625 0.28984375 0.15546875
1 0.3296875 0.08984375 0.0484375 0.17890625
1 0.23046875 0.021875 0.140625 0.04140625
0 0.1203125 0.090625 0.0921875 0.171875
0 0.23515625 0.11171875 0.1375 0.128125
0 0.27265625 0.37578125 0.3796875 0.284375
1 0.1265625 0.67734375 0.1046875 0.2734375
0 0.28203125 0.690625 0.1984375 0.284375
0 0.4953125 0.69296875 0.22890625 0.3015625
0 0.709375 0.7078125 0.18515625 0.28671875
1 0.76875 0.95234375 0.04296875 0.0953125
0 0.5609375 0.93515625 0.365625 0.1296875
0 0.265625 0.92890625 0.2078125 0.1421875
1 0.12109375 0.93125 0.0734375 0.1375
0 0.959375 0.74140625 0.08046875 0.25703125
1 0.0765625 0.384375 0.01875 0.290625