0 0.68046875 0.03359375 0.5546875 0.06640625
0 0.20234375 0.01953125 0.37578125 0.0390625
0 0.040625 0.21640625 0.08125 0.253125
0 0.15390625 0.21171875 0.13671875 0.26640625
0 0.309375 0.2234375 0.14609375 0.25390625
0 0.5359375 0.29140625 0.29921875 0.1140625
0 0.8953125 0.2640625 0.209375 0.225
0 0.0359375 0.5296875 0.06796875 0.1203125
0 0.2671875 0.5171875 0.3140625 0.24375
0 0.62421875 0.47578125 0.11875 0.20078125
0 0.8453125 0.52265625 0.30859375 0.25625
0 0.0203125 0.8265625 0.03828125 0.271875
0 0.39140625 0.86015625 0.14140625 0.2796875
0 0.7359375 0.9125 0.52734375 0.17421875
0 0.6546875 0.759375 0.11171875 0.125
0 0.9578125 0.7625 0.084375 0.1203125
1 0.54453125 0.153125 0.296875 0.1578125
1 0.74375 0.23359375 0.09375 0.26484375
1 0.49375 0.52109375 0.1296875 0.24296875
1 0.628125 0.6171875 0.1203125 0.05703125
1 0.0234375 0.98515625 0.040625 0.025
1 0.1859375 0.84609375 0.27109375 0.30625
1 0.9015625 0.13203125 0.196875 0.0453125
1 0.40546875 0.70625 0.13203125 0.01875
1 0.53125 0.74453125 0.1171875 0.140625
1 0.821875 0.75390625 0.19921875 0.14921875
1 0.0546875 0.421875 0.109375 0.09375
1 0.09140625 0.54296875 0.03515625 0.1390625
1 0.04375 0.61484375 0.08125 0.03125