0 0.84921875 0.06484375 0.2984375 0.128125
0 0.5921875 0.06015625 0.2125 0.11953125
0 0.32421875 0.05703125 0.33515625 0.1140625
0 0.08046875 0.05625 0.153125 0.11171875
0 0.92734375 0.2515625 0.1453125 0.19375
0 0.77421875 0.24375 0.16015625 0.19375
0 0.6140625 0.23984375 0.1515625 0.1921875
0 0.32421875 0.2359375 0.41015625 0.19765625
1 0.05859375 0.228125 0.1140625 0.18515625
1 0.94609375 0.45859375 0.05546875 0.17109375
0 0.98828125 0.45859375 0.0234375 0.1734375
0 0.8125 0.453125 0.2046875 0.175
0 0.60703125 0.453125 0.2078125 0.18984375
0 0.3984375 0.4453125 0.20703125 0.17734375
0 0.190625 0.440625 0.1984375 0.1828125
0 0.04609375 0.4375 0.0921875 0.175
1 0.89140625 0.6984375 0.21328125 0.25625
1 0.76640625 0.5921875 0.03125 0.05
1 0.7640625 0.78046875 0.04609375 0.09375
0 0.76484375 0.67578125 0.03515625 0.109375
0 0.69453125 0.6953125 0.09140625 0.25546875
1 0.59453125 0.61171875 0.1015625 0.0890625
0 0.59453125 0.725 0.0984375 0.13046875
1 0.596875 0.8078125 0.096875 0.0296875
0 0.4453125 0.6921875 0.18671875 0.2671875
1 0.30625 0.68515625 0.07734375 0.2515625
0 0.2171875 0.6828125 0.09375 0.253125
1 0.128125 0.6046875 0.0890625 0.090625
0 0.12578125 0.7296875 0.08515625 0.16171875
0 0.03984375 0.68359375 0.07578125 0.25703125
0 0.865625 0.928125 0.26875 0.14375
1 0.628125 0.87265625 0.19609375 0.025
0 0.63046875 0.94375 0.20546875 0.11015625
0 0.4796875 0.9578125 0.090625 0.084375
1 0.478125 0.87734375 0.09453125 0.0546875
0 0.38125 0.925 0.109375 0.15
1 0.29140625 0.9234375 0.06796875 0.1484375
0 0.1265625 0.9171875 0.253125 0.16484375