0 0.02734375 0.24296875 0.05390625 0.25625
0 0.159375 0.23828125 0.20234375 0.2484375
0 0.325 0.240625 0.12265625 0.24296875
0 0.48125 0.25859375 0.16328125 0.21171875
0 0.72421875 0.2609375 0.259375 0.21640625
0 0.04765625 0.49609375 0.0953125 0.18671875
0 0.23515625 0.50859375 0.26875 0.2296875
0 0.58515625 0.51015625 0.15234375 0.23671875
0 0.725 0.51015625 0.07109375 0.23671875
0 0.8 0.50078125 0.06328125 0.21796875
0 0.0625 0.75546875 0.121875 0.209375
0 0.3296875 0.7546875 0.059375 0.19609375
0 0.50546875 0.75546875 0.1015625 0.209375
0 0.62734375 0.7703125 0.14609375 0.18984375
0 0.7328125 0.7703125 0.06171875 0.203125
0 0.7953125 0.76484375 0.05234375 0.1828125
0 0.215625 0.95234375 0.16875 0.0953125
0 0.4125 0.953125 0.12578125 0.09375
0 0.56484375 0.9546875 0.12578125 0.08515625
0 0.765625 0.9578125 0.146875 0.084375
1 0.19609375 0.09375 0.3859375 0.02734375
1 0.47578125 0.1078125 0.165625 0.0703125
1 0.5765625 0.2109375 0.01953125 0.30234375
1 0.72109375 0.10390625 0.2515625 0.0859375
1 0.43828125 0.509375 0.13125 0.228125
1 0.6765625 0.52421875 0.0234375 0.25390625
1 0.32578125 0.95 0.040625 0.1
1 0.66015625 0.95390625 0.06484375 0.0921875
1 0.25 0.75625 0.1046875 0.23203125
1 0.0953125 0.9484375 0.065625 0.10234375
1 0.7953125 0.8671875 0.06953125 0.0265625
0 0.39140625 0.7484375 0.0578125 0.18125
1 0.43828125 0.7671875 0.03359375 0.20390625
1 0.38984375 0.853125 0.053125 0.02734375
1 0.1765625 0.84140625 0.0390625 0.05234375
1 0.14375 0.84765625 0.02265625 0.0265625
0 0.13984375 0.7390625 0.0328125 0.17109375
0 0.0359375 0.946875 0.040625 0.10546875
1 0.48828125 0.9609375 0.02265625 0.078125
0 0.9546875 0.23671875 0.090625 0.3421875
0 0.9203125 0.5796875 0.04296875 0.30078125
0 0.97109375 0.56328125 0.05703125 0.25390625
1 0.96484375 0.715625 0.06328125 0.04765625
1 0.9484375 0.87109375 0.103125 0.1921875