0 0.465625 0.14296875 0.6015625 0.184375
0 0.4359375 0.39921875 0.5875 0.19453125
0 0.2328125 0.6375 0.221875 0.1984375
0 0.52578125 0.634375 0.35859375 0.2
0 0.17734375 0.85234375 0.134375 0.19765625
0 0.5171875 0.87421875 0.34140625 0.2109375
1 0.29453125 0.8546875 0.10234375 0.2109375
0 0.82421875 0.58671875 0.03984375 0.159375
0 0.903125 0.6140625 0.1125 0.1078125
0 0.90703125 0.25390625 0.1859375 0.2578125
0 0.890625 0.86640625 0.21875 0.2671875
1 0.9125 0.0625 0.175 0.12109375
1 0.903125 0.44609375 0.19375 0.1046875
1 0.92109375 0.525 0.14609375 0.0484375
1 0.9796875 0.62265625 0.040625 0.12109375