0 0.6921875 0.92109375 0.27734375 0.1578125
1 0.96015625 0.50078125 0.0796875 0.1359375
0 0.98046875 0.96875 0.0390625 0.0625
0 0.92890625 0.9828125 0.06171875 0.03359375
0 0.853125 0.96171875 0.04453125 0.0765625
0 0.88984375 0.98203125 0.02109375 0.03515625
1 0.49921875 0.9109375 0.11171875 0.17109375
1 0.39453125 0.9078125 0.09296875 0.18359375
0 0.275 0.90234375 0.14140625 0.1953125
0 0.115625 0.8921875 0.171875 0.21484375
0 0.01484375 0.9296875 0.0296875 0.134375
1 0.0140625 0.846875 0.028125 0.0375
0 0.04140625 0.61953125 0.08203125 0.24765625
1 0.11875 0.69140625 0.06953125 0.1109375
0 0.1234375 0.56640625 0.0765625 0.1421875
0 0.228125 0.62265625 0.12734375 0.2546875
0 0.321875 0.609375 0.059375 0.20859375
1 0.3234375 0.73984375 0.05703125 0.0421875
1 0.365625 0.6421875 0.02265625 0.25546875
0 0.44453125 0.63046875 0.128125 0.23515625
1 0.440625 0.76328125 0.12578125 0.0265625
0 0.58671875 0.65546875 0.1578125 0.26640625
0 0.7734375 0.67109375 0.140625 0.26015625
1 0.68515625 0.6609375 0.03515625 0.25625
1 0.8625 0.6359375 0.028125 0.171875
0 0.8640625 0.80703125 0.03203125 0.1546875
0 0.95234375 0.67578125 0.0953125 0.1265625
0 0.95234375 0.8078125 0.0953125 0.13984375
0 0.9625 0.221875 0.07265625 0.2515625
1 0.96953125 0.01875 0.0609375 0.0328125
1 0.8890625 0.14296875 0.040625 0.1875
0 0.8359375 0.14140625 0.06015625 0.18125
0 0.76484375 0.13515625 0.07734375 0.2
1 0.8484375 0.025 0.0890625 0.04140625
1 0.7671875 0.01484375 0.075 0.021875
1 0.7078125 0.11328125 0.04453125 0.221875
0 0.61171875 0.12734375 0.1375 0.19453125
0 0.0890625 0.12734375 0.09609375 0.175
0 0.27578125 0.11953125 0.2671875 0.2
1 0.47578125 0.11015625 0.12734375 0.21953125
1 0.01875 0.10546875 0.034375 0.21015625
1 0.0921875 0.01875 0.1046875 0.0296875
1 0.2765625 0.009375 0.2625 0.01875
1 0.6125 0.0140625 0.14140625 0.0234375
1 0.86953125 0.4375 0.0421875 0.11171875
0 0.09375 0.3796875 0.18125 0.1484375
0 0.20546875 0.384375 0.04140625 0.14609375
1 0.2796875 0.384375 0.1015625 0.15
1 0.1640625 0.28046875 0.328125 0.05
0 0.39453125 0.3828125 0.1234375 0.16953125
1 0.4765625 0.37109375 0.03046875 0.21328125
1 0.39453125 0.28046875 0.13125 0.0328125
0 0.6109375 0.3875 0.228125 0.190625
0 0.7828125 0.390625 0.11484375 0.19375
1 0.86640625 0.3296875 0.04140625 0.103125
1 0.66640625 0.28125 0.346875 0.021875