0 0.12890625 0.32890625 0.25703125 0.25546875
0 0.4953125 0.31484375 0.21875 0.27890625
0 0.36953125 0.38203125 0.0234375 0.134375
0 0.72109375 0.35859375 0.2390625 0.19453125
0 0.871875 0.196875 0.25625 0.1046875
0 0.91875 0.2953125 0.159375 0.08515625
0 0.9046875 0.096875 0.184375 0.0921875
0 0.16484375 0.68203125 0.3296875 0.35859375
0 0.465625 0.72109375 0.2734375 0.30234375
0 0.7140625 0.740625 0.2234375 0.25234375
0 0.9578125 0.29609375 0.078125 0.09453125
0 0.20703125 0.94765625 0.4109375 0.1046875
0 0.509375 0.94609375 0.19296875 0.1078125
0 0.95859375 0.8296875 0.0828125 0.215625
1 0.1921875 0.10625 0.38125 0.18515625
1 0.55859375 0.090625 0.3390625 0.16484375
1 0.7703125 0.07734375 0.0796875 0.1421875
1 0.90625 0.02578125 0.18671875 0.04375
1 0.31015625 0.32421875 0.08828125 0.23671875
1 0.36953125 0.26328125 0.0203125 0.11875
1 0.4703125 0.534375 0.2828125 0.06328125
1 0.7265625 0.55546875 0.22890625 0.10078125
1 0.9640625 0.5203125 0.07109375 0.278125
1 0.72421875 0.953125 0.225 0.09375
1 0.671875 0.21640625 0.125 0.07890625