0 0.76015625 0.25390625 0.3296875 0.33515625
0 0.29453125 0.18828125 0.15390625 0.3171875
0 0.96328125 0.2359375 0.0734375 0.465625
0 0.10703125 0.1984375 0.21328125 0.27578125
0 0.7890625 0.71953125 0.209375 0.49609375
0 0.015625 0.6875 0.03046875 0.3578125
0 0.11015625 0.615625 0.15625 0.44296875
0 0.271875 0.6625 0.16171875 0.50234375
0 0.4234375 0.6328125 0.1328125 0.4359375
0 0.540625 0.71953125 0.10859375 0.43984375
0 0.45390625 0.8921875 0.07421875 0.07421875
0 0.6453125 0.7765625 0.09609375 0.3515625
0 0.9453125 0.8453125 0.109375 0.26953125
1 0.109375 0.0296875 0.21875 0.05078125
1 0.29921875 0.0171875 0.15625 0.02578125
1 0.4875 0.20625 0.21796875 0.403125
1 0.76328125 0.04765625 0.33203125 0.06953125
1 0.11171875 0.86171875 0.14765625 0.05234375
1 0.38515625 0.8953125 0.0609375 0.07890625
1 0.01484375 0.4484375 0.02890625 0.14140625
1 0.5453125 0.459375 0.1140625 0.0734375
1 0.640625 0.51875 0.08125 0.15625
1 0.94609375 0.59140625 0.1078125 0.2296875