0 0.05390625 0.18203125 0.1078125 0.3640625
0 0.15234375 0.2296875 0.08359375 0.20234375
0 0.2359375 0.16875 0.08671875 0.3375
1 0.196875 0.35234375 0.175 0.03671875
1 0.1296875 0.06484375 0.03828125 0.12578125
0 0.175 0.0671875 0.05 0.11953125
0 0.44296875 0.2234375 0.3265625 0.33515625
0 0.778125 0.23359375 0.1484375 0.31796875
0 0.93515625 0.221875 0.12890625 0.2625
1 0.93359375 0.375 0.12890625 0.04140625
1 0.86171875 0.24296875 0.015625 0.309375
0 0.4421875 0.0140625 0.321875 0.028125
0 0.68828125 0.021875 0.1625 0.04375
0 0.95390625 0.028125 0.0921875 0.05546875
1 0.83671875 0.02421875 0.1375 0.0484375
1 0.65546875 0.22421875 0.09453125 0.30859375
1 0.70859375 0.709375 0.09609375 0.1140625
1 0.390625 0.7375 0.05234375 0.071875
1 0.50625 0.7203125 0.03671875 0.10703125
1 0.45234375 0.746875 0.0703125 0.046875
1 0.93359375 0.59921875 0.128125 0.340625
0 0.81171875 0.57734375 0.10859375 0.30078125
1 0.8125 0.74921875 0.11015625 0.040625
0 0.7078125 0.53671875 0.0984375 0.22890625
0 0.5921875 0.59609375 0.13359375 0.3484375
0 0.50859375 0.53984375 0.0421875 0.25
0 0.45234375 0.56796875 0.06875 0.30546875
0 0.390625 0.55625 0.05546875 0.284375
0 0.3265625 0.59375 0.071875 0.3546875
0 0.14140625 0.58984375 0.28125 0.36484375
0 0.046875 0.90859375 0.09140625 0.1828125
0 0.1421875 0.93984375 0.0984375 0.11953125
0 0.29453125 0.90625 0.20390625 0.1875
1 0.14296875 0.84765625 0.09765625 0.065625
1 0.484375 0.8546875 0.17265625 0.0859375
0 0.484375 0.94921875 0.17265625 0.10078125
0 0.678125 0.90546875 0.2140625 0.18828125
0 0.87578125 0.90546875 0.1796875 0.1890625
0 0.98359375 0.93671875 0.0328125 0.1265625
1 0.984375 0.84140625 0.03125 0.06328125