0 0.0375 0.2828125 0.075 0.31171875
0 0.1 0.30546875 0.05390625 0.25390625
0 0.31953125 0.10703125 0.10078125 0.2140625
0 0.2359375 0.31640625 0.08203125 0.2375
0 0.62421875 0.1109375 0.16171875 0.22109375
0 0.853125 0.11875 0.29375 0.2375
0 0.31796875 0.3765625 0.0875 0.25625
0 0.39921875 0.40078125 0.07109375 0.190625
0 0.5125 0.40546875 0.1609375 0.20859375
0 0.6734375 0.409375 0.1546875 0.19453125
0 0.94375 0.41484375 0.1125 0.20234375
0 0.06875 0.64375 0.13671875 0.36015625
0 0.23828125 0.61875 0.07421875 0.30234375
0 0.3140625 0.66953125 0.0734375 0.20390625
0 0.48359375 0.68828125 0.2625 0.29609375
0 0.76640625 0.69375 0.14765625 0.290625
0 0.921875 0.65859375 0.15625 0.2328125
0 0.4375 0.92734375 0.87421875 0.1453125
1 0.059375 0.096875 0.11875 0.0484375
1 0.09921875 0.15234375 0.0453125 0.04609375
1 0.23359375 0.16484375 0.06875 0.06640625
1 0.45390625 0.109375 0.17421875 0.21875
1 0.4 0.27578125 0.06640625 0.0625
1 0.51640625 0.26953125 0.1578125 0.06171875
1 0.67421875 0.271875 0.1515625 0.0703125
1 0.81953125 0.384375 0.1359375 0.2484375
1 0.9453125 0.28515625 0.109375 0.05390625
1 0.93671875 0.9265625 0.1265625 0.146875
1 0.27890625 0.80390625 0.14375 0.0578125
1 0.6546875 0.6859375 0.07578125 0.3
1 0.92265625 0.8078125 0.1546875 0.06640625