0 0.4265625 0.2875 0.2484375 0.3546875
0 0.6390625 0.30234375 0.16796875 0.36015625
0 0.8390625 0.30625 0.22734375 0.353125
0 0.9765625 0.31328125 0.046875 0.3546875
0 0.36171875 0.646875 0.09765625 0.28359375
0 0.66875 0.64609375 0.184375 0.2671875
0 0.88125 0.65078125 0.23671875 0.27578125
0 0.5625 0.90546875 0.50625 0.1890625
0 0.98046875 0.9078125 0.0390625 0.18125
0 0.0875 0.43828125 0.17109375 0.3046875
0 0.265625 0.4765625 0.0671875 0.21328125
0 0.0453125 0.8296875 0.0875 0.33203125
0 0.12421875 0.85859375 0.0703125 0.2828125
0 0.26796875 0.87265625 0.08046875 0.2546875
1 0.1484375 0.19453125 0.296875 0.17265625
1 0.271875 0.32265625 0.0609375 0.08203125
1 0.08359375 0.6421875 0.16328125 0.03203125
1 0.125 0.68984375 0.07421875 0.0578125
1 0.271875 0.6875 0.06796875 0.12265625
1 0.49765625 0.64609375 0.1671875 0.28203125
1 0.8890625 0.90390625 0.13515625 0.1921875