0 0.065625 0.13671875 0.13125 0.27265625
0 0.196875 0.12421875 0.128125 0.2484375
0 0.33984375 0.14453125 0.1515625 0.2859375
1 0.1953125 0.27109375 0.11953125 0.0453125
0 0.51796875 0.1359375 0.1953125 0.2703125
0 0.71171875 0.1390625 0.1875 0.27421875
0 0.90546875 0.1859375 0.18828125 0.2671875
1 0.903125 0.02734375 0.1921875 0.053125
1 0.51640625 0.28515625 0.19921875 0.02421875
1 0.7125 0.29296875 0.19296875 0.0375
0 0.0328125 0.5 0.06484375 0.36640625
0 0.21015625 0.5125 0.28984375 0.3890625
0 0.375 0.46796875 0.03828125 0.27109375
0 0.46953125 0.50625 0.14375 0.346875
1 0.37578125 0.653125 0.0359375 0.096875
1 0.4734375 0.70390625 0.14921875 0.040625
0 0.6734375 0.540625 0.25703125 0.39765625
0 0.84375 0.54921875 0.071875 0.36796875
0 0.940625 0.53046875 0.11171875 0.31875
1 0.9390625 0.7203125 0.121875 0.053125
0 0.82109375 0.88984375 0.0921875 0.21953125
0 0.9328125 0.9375 0.13359375 0.12421875
0 0.71171875 0.88828125 0.12265625 0.2234375
0 0.60546875 0.91953125 0.09140625 0.16015625
0 0.503125 0.8828125 0.11171875 0.23359375
0 0.39765625 0.87734375 0.09609375 0.2453125
0 0.31875 0.92890625 0.06015625 0.14140625
0 0.0390625 0.8796875 0.078125 0.240625
0 0.12890625 0.88359375 0.09609375 0.2328125
1 0.08984375 0.74375 0.178125 0.046875
1 0.2359375 0.8671875 0.10703125 0.26484375
1 0.32109375 0.803125 0.0578125 0.10390625
1 0.60703125 0.8015625 0.09140625 0.06328125