1 0.97890625 0.95078125 0.0421875 0.0828125
0 0.953125 0.7359375 0.09296875 0.34375
0 0.93046875 0.95390625 0.05234375 0.0828125
0 0.878125 0.75390625 0.05625 0.4828125
0 0.803125 0.74140625 0.0921875 0.35859375
0 0.7 0.715625 0.11171875 0.409375
1 0.74375 0.96015625 0.20859375 0.0734375
0 0.59921875 0.80625 0.08828125 0.3875
0 0.48125 0.76328125 0.1421875 0.3359375
1 0.57265625 0.5609375 0.0390625 0.10234375
0 0.6203125 0.56015625 0.05078125 0.0984375
1 0.48125 0.54765625 0.13515625 0.0859375
0 0.35234375 0.7515625 0.1171875 0.496875
1 0.46640625 0.96640625 0.11015625 0.0671875
0 0.53671875 0.96640625 0.02890625 0.06640625
0 0.2359375 0.70546875 0.11015625 0.3984375
1 0.23671875 0.95078125 0.11171875 0.09296875
1 0.08984375 0.95078125 0.1765625 0.09765625
1 0.03828125 0.85859375 0.0765625 0.0765625
0 0.13046875 0.7375 0.1046875 0.321875
1 0.14296875 0.54296875 0.0734375 0.0671875
0 0.0390625 0.66328125 0.07734375 0.3203125
1 0.090625 0.53984375 0.03046875 0.0734375
1 0.96171875 0.28203125 0.0765625 0.3578125
0 0.8890625 0.27578125 0.06484375 0.28515625
1 0.89140625 0.440625 0.06328125 0.03984375
1 0.88828125 0.11640625 0.06796875 0.025
0 0.7515625 0.2265625 0.090625 0.26484375
0 0.8265625 0.2765625 0.059375 0.3546875
1 0.75 0.4078125 0.08828125 0.090625
0 0.62265625 0.31171875 0.16953125 0.2875
1 0.66640625 0.12734375 0.07734375 0.07421875
1 0.6 0.15 0.05234375 0.02578125
1 0.55390625 0.12578125 0.0328125 0.08125
0 0.52890625 0.2171875 0.01953125 0.2734375
1 0.5265625 0.40078125 0.01953125 0.10078125
0 0.34375 0.30546875 0.08203125 0.28203125
0 0.4109375 0.28671875 0.053125 0.209375
0 0.47734375 0.303125 0.07578125 0.2421875
1 0.4109375 0.41953125 0.04921875 0.0515625
1 0.47734375 0.4390625 0.07734375 0.0203125
0 0.9640625 0.0265625 0.06875 0.053125
1 0.915625 0.025 0.0296875 0.0453125
0 0.8203125 0.02265625 0.15625 0.0453125
1 0.690625 0.0171875 0.10390625 0.0296875
0 0.415625 0.01328125 0.24765625 0.021875
1 0.5546875 0.015625 0.0265625 0.0296875
0 0.60234375 0.01640625 0.065625 0.028125
0 0.07421875 0.259375 0.1484375 0.38125
0 0.1609375 0.26171875 0.01875 0.378125
0 0.2359375 0.28359375 0.12421875 0.33515625
0 0.2359375 0.09296875 0.08671875 0.0375
1 0.44296875 0.1296875 0.03125 0.1015625
1 0.48828125 0.15703125 0.05625 0.04375
1 0.35390625 0.12109375 0.02421875 0.084375
1 0.378125 0.146875 0.01875 0.03515625
1 0.32265625 0.14609375 0.03515625 0.025
1 0.4078125 0.15546875 0.03671875 0.04375