0 0.18125 0.15078125 0.3625 0.3015625
0 0.54140625 0.1359375 0.275 0.271875
0 0.77421875 0.16640625 0.175 0.3328125
0 0.9140625 0.1671875 0.109375 0.325
0 0.984375 0.1953125 0.03125 0.1984375
0 0.06640625 0.61015625 0.1328125 0.46796875
0 0.52578125 0.5265625 0.084375 0.33671875
0 0.68046875 0.61875 0.22890625 0.346875
0 0.72265625 0.4078125 0.10078125 0.071875
0 0.86171875 0.65703125 0.10625 0.54453125
0 0.95703125 0.7015625 0.0828125 0.42421875
1 0.98515625 0.046875 0.0296875 0.0875
1 0.19140625 0.34453125 0.3828125 0.0546875
1 0.6171875 0.4 0.096875 0.09140625
1 0.95703125 0.43515625 0.0859375 0.11484375
1 0.2453125 0.62109375 0.09140625 0.4921875
1 0.31171875 0.4390625 0.03046875 0.11796875
1 0.3484375 0.403125 0.02734375 0.046875
1 0.49609375 0.80078125 0.12578125 0.184375
1 0.6796875 0.86484375 0.23828125 0.1359375
0 0.3625 0.69921875 0.13515625 0.353125
0 0.45625 0.5109375 0.04609375 0.33203125
0 0.40625 0.42734375 0.04375 0.18359375
0 0.35625 0.47109375 0.0640625 0.08515625
0 0.16640625 0.54296875 0.0578125 0.33671875
1 0.1640625 0.78125 0.06015625 0.1359375
0 0.384375 0.1171875 0.03828125 0.23359375
1 0.3859375 0.26484375 0.03359375 0.05
1 0.48671875 0.290625 0.1703125 0.03359375
1 0.66640625 0.2984375 0.015625 0.04453125
0 0.6140625 0.2984375 0.078125 0.046875
1 0.984375 0.32421875 0.03046875 0.04609375