0 0.89921875 0.8296875 0.07578125 0.259375
0 0.96953125 0.8515625 0.0609375 0.22265625
1 0.8328125 0.72265625 0.0515625 0.04453125
0 0.80625 0.85859375 0.11171875 0.2171875
0 0.6890625 0.8328125 0.11484375 0.25625
0 0.584375 0.83125 0.09375 0.25703125
0 0.4859375 0.83046875 0.1 0.2640625
0 0.3828125 0.8390625 0.0984375 0.21875
1 0.3828125 0.71328125 0.10234375 0.0265625
1 0.384375 0.95859375 0.10859375 0.0109375
0 0.27734375 0.878125 0.10859375 0.159375
0 0.16484375 0.86953125 0.1125 0.1859375
1 0.278125 0.7671875 0.1046875 0.05
1 0.325 0.71875 0.0125 0.04375
1 0.184375 0.75859375 0.07734375 0.0328125
1 0.1890625 0.71640625 0.08671875 0.0390625
1 0.0296875 0.715625 0.059375 0.0375
0 0.053125 0.84921875 0.10625 0.2234375
1 0.1265625 0.75703125 0.03515625 0.0296875
0 0.97265625 0.51953125 0.0546875 0.2828125
0 0.91953125 0.51796875 0.04765625 0.1890625
1 0.9171875 0.4 0.05 0.03984375
1 0.91796875 0.63828125 0.0546875 0.05078125
1 0.84375 0.40234375 0.09375 0.046875
0 0.834375 0.51484375 0.12421875 0.17265625
0 0.80625 0.63125 0.07734375 0.05234375
1 0.86875 0.63046875 0.04375 0.0546875
0 0.721875 0.54375 0.090625 0.2375
1 0.66484375 0.39921875 0.08984375 0.046875
1 0.6515625 0.54296875 0.05 0.23203125
0 0.5796875 0.534375 0.08515625 0.25
0 0.490625 0.534375 0.0859375 0.234375
1 0.496875 0.38984375 0.06640625 0.0515625
1 0.4390625 0.5953125 0.0203125 0.11796875
0 0.4234375 0.47109375 0.04453125 0.1234375
0 0.4109375 0.5921875 0.02890625 0.115625
0 0.346875 0.53125 0.10078125 0.24375
0 0.23515625 0.53125 0.11796875 0.23671875
0 0.08828125 0.53203125 0.1765625 0.24140625
1 0.1453125 0.38359375 0.09296875 0.04140625
1 0.00546875 0.38203125 0.0109375 0.0484375
1 0.33046875 0.38125 0.09375 0.0421875
0 0.88828125 0.2140625 0.2234375 0.25546875
1 0.88828125 0.0625 0.2234375 0.0375
0 0.7296875 0.2140625 0.09140625 0.2515625
0 0.634375 0.228125 0.09140625 0.2125
0 0.55 0.215625 0.07265625 0.21875
1 0.73046875 0.0625 0.0921875 0.0421875
1 0.63828125 0.078125 0.09375 0.0765625
1 0.55 0.06796875 0.075 0.07421875
1 0.48828125 0.17890625 0.04296875 0.296875
0 0.4265625 0.2046875 0.07265625 0.2484375
1 0.42734375 0.05078125 0.0734375 0.046875
1 0.37265625 0.17734375 0.02578125 0.303125
0 0.015625 0.18828125 0.03125 0.26953125
0 0.1953125 0.20703125 0.32265625 0.234375
1 0.1953125 0.05625 0.321875 0.0609375
1 0.01796875 0.034375 0.0359375 0.02890625