0 0.05859375 0.32890625 0.1171875 0.1703125
0 0.33671875 0.315625 0.43671875 0.21171875
0 0.68984375 0.3046875 0.24921875 0.26875
0 0.91875 0.30625 0.159375 0.2859375
0 0.1484375 0.65 0.296875 0.38046875
0 0.38359375 0.628125 0.153125 0.35234375
0 0.50703125 0.6625 0.0828125 0.38125
0 0.71796875 0.67265625 0.315625 0.37734375
0 0.93828125 0.71484375 0.1125 0.31015625
0 0.6875 0.940625 0.625 0.11875
0 0.184375 0.9359375 0.36875 0.128125
0 0.82578125 0.24453125 0.0140625 0.37109375
1 0.0609375 0.1234375 0.121875 0.23828125
1 0.33984375 0.103125 0.4328125 0.1984375
1 0.6875 0.08671875 0.25625 0.16171875
1 0.91953125 0.08203125 0.15703125 0.14765625
1 0.8265625 0.03203125 0.02109375 0.0484375
1 0.93828125 0.521875 0.1234375 0.075
1 0.384375 0.821875 0.15546875 0.04140625