1 0.8984375 0.303125 0.04765625 0.09921875
0 0.959375 0.18046875 0.078125 0.36015625
0 0.89375 0.1265625 0.0421875 0.253125
0 0.734375 0.16953125 0.265625 0.33828125
1 0.584375 0.16875 0.02578125 0.3375
0 0.415625 0.1640625 0.29609375 0.32734375
0 0.0640625 0.1390625 0.1265625 0.27265625
0 0.196875 0.1515625 0.13125 0.25078125
1 0.19609375 0.00859375 0.1328125 0.01484375
1 0.13671875 0.30078125 0.26328125 0.0515625
0 0.08125 0.6390625 0.1625 0.521875
0 0.271875 0.6328125 0.20546875 0.5015625
0 0.44140625 0.628125 0.1234375 0.49140625
0 0.84921875 0.6359375 0.30078125 0.50703125
0 0.54921875 0.6359375 0.1046875 0.50390625
0 0.65625 0.6359375 0.090625 0.4921875