0 0.05625 0.21484375 0.1125 0.4171875
0 0.25546875 0.22734375 0.2859375 0.4546875
0 0.6015625 0.22421875 0.1625 0.4484375
0 0.459375 0.26953125 0.1203125 0.34296875
0 0.84140625 0.278125 0.3171875 0.3375
0 0.15 0.6734375 0.3 0.41875
0 0.50234375 0.6671875 0.40546875 0.390625
0 0.80390625 0.6640625 0.19375 0.4
0 0.9515625 0.65859375 0.096875 0.37890625
0 0.36875 0.9484375 0.7375 0.103125
1 0.46171875 0.05234375 0.11640625 0.10390625
1 0.84375 0.05546875 0.31171875 0.11015625
1 0.86953125 0.9453125 0.2609375 0.109375