0 0.16796875 0.04453125 0.3359375 0.0890625
0 0.46328125 0.05078125 0.25546875 0.1015625
0 0.7125 0.0578125 0.11875 0.115625
0 0.840625 0.053125 0.140625 0.10625
0 0.03359375 0.37890625 0.0671875 0.24140625
0 0.13515625 0.39765625 0.1328125 0.19296875
0 0.26875 0.34921875 0.159375 0.3109375
0 0.40546875 0.35078125 0.13515625 0.3125
0 0.60234375 0.32578125 0.2515625 0.3453125
0 0.79140625 0.35703125 0.15078125 0.2953125
0 0.9265625 0.3328125 0.14609375 0.340625
0 0.0890625 0.70390625 0.175 0.33203125
0 0.240625 0.72265625 0.12265625 0.2875
0 0.4296875 0.696875 0.26328125 0.34375
0 0.6984375 0.68671875 0.27890625 0.32109375
0 0.9203125 0.69296875 0.159375 0.30859375
1 0.61953125 0.05625 0.0609375 0.1125
1 0.95625 0.0625 0.08125 0.11640625
1 0.0328125 0.1984375 0.065625 0.11875
1 0.3328125 0.1625 0.2875 0.06640625
1 0.12890625 0.21484375 0.125 0.1703125
1 0.23515625 0.55703125 0.109375 0.05625
0 0.10859375 0.95234375 0.2171875 0.0953125
0 0.44453125 0.9421875 0.4484375 0.115625
0 0.8359375 0.93515625 0.328125 0.12890625