0 0.0421875 0.115625 0.084375 0.23125
0 0.2296875 0.1296875 0.278125 0.259375
0 0.44921875 0.13828125 0.16171875 0.271875
0 0.5609375 0.11484375 0.05859375 0.22421875
0 0.8125 0.1453125 0.375 0.28203125
0 0.3578125 0.59296875 0.2609375 0.5015625
0 0.1921875 0.63359375 0.06484375 0.3234375
0 0.56171875 0.6265625 0.14296875 0.46953125
0 0.703125 0.65078125 0.1390625 0.48671875
0 0.14140625 0.659375 0.0421875 0.28203125
1 0.5671875 0.359375 0.15078125 0.05390625
1 0.71171875 0.371875 0.1296875 0.07109375
0 0.96640625 0.6796875 0.0671875 0.5375
1 0.82578125 0.65 0.08984375 0.5484375
1 0.903125 0.65859375 0.06015625 0.56953125
1 0.6078125 0.14765625 0.0328125 0.29453125
1 0.56328125 0.25390625 0.04921875 0.05