0 0.8453125 0.22265625 0.30703125 0.2984375
1 0.8453125 0.39296875 0.309375 0.0390625
1 0.625 0.10234375 0.121875 0.0859375
1 0.08046875 0.084375 0.11328125 0.10546875
0 0.21171875 0.22109375 0.15 0.3671875
0 0.425 0.225 0.2640625 0.359375
0 0.628125 0.28359375 0.134375 0.253125
0 0.0109375 0.21953125 0.021875 0.3765625
0 0.08125 0.27421875 0.1109375 0.265625
1 0.95 0.47421875 0.09921875 0.03125
0 0.95078125 0.7015625 0.0984375 0.42890625
0 0.80546875 0.69140625 0.18671875 0.46328125
0 0.64140625 0.690625 0.128125 0.4765625
0 0.45 0.68828125 0.2609375 0.47265625
0 0.190625 0.69140625 0.25 0.48203125
0 0.0328125 0.69140625 0.065625 0.5015625