0 0.97421875 0.28515625 0.0515625 0.34921875
0 0.86796875 0.28203125 0.15703125 0.37421875
1 0.71484375 0.134375 0.140625 0.0984375
1 0.25859375 0.1109375 0.5125 0.08671875
0 0.58203125 0.2578125 0.121875 0.3609375
0 0.16015625 0.30078125 0.31640625 0.29375
0 0.37265625 0.29921875 0.1078125 0.27890625
0 0.4765625 0.303125 0.1078125 0.29140625
0 0.9453125 0.75078125 0.10859375 0.4984375
0 0.7828125 0.74453125 0.2140625 0.5015625
0 0.5375 0.7375 0.275 0.49921875
0 0.20078125 0.7359375 0.39765625 0.503125
0 0.9390625 0.0234375 0.11875 0.046875
0 0.80078125 0.02265625 0.1515625 0.0453125
1 0.6453125 0.0171875 0.13984375 0.034375