1 0.79140625 0.128125 0.3046875 0.109375
0 0.97578125 0.29375 0.0484375 0.41328125
0 0.7921875 0.34609375 0.315625 0.31484375
0 0.55546875 0.2765625 0.159375 0.43046875
0 0.3140625 0.27109375 0.31328125 0.43515625
1 0.07734375 0.096875 0.146875 0.1015625
0 0.0796875 0.31328125 0.15859375 0.328125
1 0.496875 0.5671875 0.99375 0.07578125
0 0.8828125 0.7515625 0.23359375 0.27265625
0 0.59765625 0.75234375 0.31953125 0.28671875
0 0.3265625 0.72265625 0.2203125 0.23125
1 0.325 0.86796875 0.21484375 0.04453125
0 0.10625 0.74765625 0.2125 0.28125
0 0.875 0.9703125 0.25 0.059375
0 0.5203125 0.9703125 0.4375 0.059375
0 0.1890625 0.96953125 0.225 0.06015625
0 0.03984375 0.96953125 0.0796875 0.06015625