0 0.0875 0.32890625 0.175 0.4078125
0 0.26875 0.33359375 0.17109375 0.40859375
0 0.5421875 0.340625 0.35390625 0.41171875
0 0.86015625 0.3453125 0.2796875 0.41640625
0 0.0671875 0.81015625 0.134375 0.3796875
0 0.21640625 0.8140625 0.1671875 0.371875
0 0.45234375 0.81484375 0.29921875 0.36953125
0 0.68515625 0.865625 0.1640625 0.26796875
0 0.8359375 0.81328125 0.16875 0.3734375
0 0.959375 0.81015625 0.08125 0.3796875
0 0.67109375 0.66484375 0.1203125 0.10078125
1 0.24140625 0.09453125 0.4828125 0.0671875
1 0.58125 0.0890625 0.18984375 0.0734375
1 0.84140625 0.09453125 0.3171875 0.0703125