0 0.98125 0.80703125 0.0375 0.38046875
1 0.89375 0.6609375 0.134375 0.08671875
0 0.89296875 0.853125 0.13359375 0.28515625
0 0.721875 0.80546875 0.2015625 0.3859375
0 0.61171875 0.75859375 0.01953125 0.1359375
0 0.60703125 0.9140625 0.02890625 0.171875
0 0.44921875 0.840625 0.14296875 0.31875
1 0.5359375 0.7734375 0.0296875 0.184375
1 0.5359375 0.934375 0.0234375 0.13125
1 0.3015625 0.7234375 0.146875 0.08046875
0 0.30234375 0.8828125 0.146875 0.228125
0 0.15859375 0.80625 0.134375 0.27734375
1 0.159375 0.97421875 0.13828125 0.05078125
0 0.015625 0.83359375 0.03046875 0.3328125
0 0.0609375 0.80546875 0.05703125 0.27265625
1 0.0609375 0.96875 0.05625 0.05546875
0 0.0515625 0.490625 0.10234375 0.21796875
0 0.19296875 0.46875 0.17890625 0.1703125
0 0.56171875 0.43359375 0.03046875 0.1890625
1 0.19453125 0.57890625 0.1796875 0.0453125
0 0.33671875 0.48984375 0.1015625 0.2234375
0 0.4640625 0.5015625 0.1203125 0.215625
1 0.3953125 0.48984375 0.0125 0.23203125
1 0.54296875 0.5765625 0.034375 0.084375
1 0.5359375 0.434375 0.01796875 0.19921875
1 0.46484375 0.36328125 0.11640625 0.0546875
1 0.34609375 0.353125 0.1140625 0.0484375
1 0.19609375 0.35 0.18125 0.05546875
1 0.0515625 0.3484375 0.103125 0.059375
0 0.95859375 0.31953125 0.0828125 0.4640625
0 0.8375 0.3125 0.1546875 0.46875
0 0.72578125 0.3015625 0.06328125 0.4734375
0 0.65625 0.328125 0.0703125 0.4125
0 0.92265625 0.01171875 0.1546875 0.021875
0 0.3546875 0.153125 0.37109375 0.22734375
0 0.57890625 0.13671875 0.03046875 0.26875
1 0.55078125 0.134375 0.015625 0.2640625
1 0.23046875 0.0203125 0.12890625 0.0390625
1 0.36875 0.02734375 0.14765625 0.025
1 0.490625 0.01875 0.0921875 0.03203125
1 0.10859375 0.05703125 0.1171875 0.10625
0 0.0234375 0.13046875 0.04296875 0.24765625
0 0.1078125 0.17265625 0.12109375 0.11015625
1 0.109375 0.240625 0.12265625 0.0234375
1 0.846875 0.0484375 0.0796875 0.04765625
1 0.709375 0.0359375 0.0421875 0.0515625