0 0.1421875 0.146875 0.284375 0.24296875
0 0.3671875 0.134375 0.16015625 0.21953125
0 0.58984375 0.121875 0.275 0.2296875
0 0.86328125 0.1078125 0.2734375 0.215625
0 0.06640625 0.4046875 0.1328125 0.1921875
0 0.221875 0.3953125 0.18203125 0.20234375
0 0.3984375 0.378125 0.1765625 0.2
0 0.60859375 0.3640625 0.2484375 0.20234375
0 0.81953125 0.35234375 0.16640625 0.20546875
0 0.94921875 0.34609375 0.08984375 0.1890625
0 0.1734375 0.60859375 0.34609375 0.17109375
0 0.4234375 0.59921875 0.15234375 0.16953125
0 0.61015625 0.58671875 0.23125 0.18203125
0 0.83984375 0.56796875 0.234375 0.17109375
0 0.1546875 0.79921875 0.2 0.14609375
0 0.315625 0.79921875 0.11640625 0.14609375
0 0.43984375 0.78671875 0.128125 0.12421875
0 0.621875 0.7671875 0.2234375 0.1453125
0 0.84140625 0.753125 0.20703125 0.159375
0 0.11640625 0.95625 0.2328125 0.0875
1 0.02421875 0.8171875 0.0484375 0.1375
1 0.30234375 0.95 0.13203125 0.09921875
1 0.46875 0.93828125 0.20078125 0.12265625
1 0.671875 0.9234375 0.209375 0.12734375
1 0.8484375 0.91484375 0.13515625 0.14765625