0 0.059375 0.028125 0.11875 0.05625
0 0.2296875 0.034375 0.13671875 0.06875
0 0.41875 0.04609375 0.15 0.0875
0 0.59296875 0.0453125 0.1671875 0.090625
0 0.76171875 0.05234375 0.1578125 0.1046875
0 0.92421875 0.059375 0.1515625 0.11875
0 0.140625 0.3625 0.275 0.43828125
0 0.48125 0.3921875 0.31953125 0.4
0 0.72578125 0.39375 0.1515625 0.4
0 0.9 0.40234375 0.19453125 0.39296875
0 0.01796875 0.80625 0.0359375 0.3875
0 0.1125 0.79921875 0.1421875 0.38125
0 0.2640625 0.80703125 0.1546875 0.38515625
0 0.7609375 0.8109375 0.28125 0.36796875
0 0.953125 0.81015625 0.09296875 0.359375
0 0.54609375 0.8546875 0.140625 0.28125
0 0.415625 0.87421875 0.1328125 0.2109375
0 0.41484375 0.73359375 0.13359375 0.08203125
1 0.30078125 0.35625 0.0328125 0.50703125
1 0.66015625 0.1515625 0.6796875 0.07109375
1 0.4171875 0.6546875 0.1390625 0.05625
1 0.55234375 0.66640625 0.13046875 0.08828125