0 0.07890625 0.29375 0.1578125 0.4125
0 0.33515625 0.31015625 0.34296875 0.4125
0 0.6015625 0.31484375 0.171875 0.41953125
0 0.92265625 0.3109375 0.1546875 0.40625
0 0.76953125 0.31015625 0.15234375 0.40390625
0 0.14296875 0.7703125 0.28125 0.44765625
1 0.31171875 0.765625 0.0375 0.43828125
0 0.4796875 0.7921875 0.3 0.41015625
0 0.7234375 0.79296875 0.18125 0.40703125
0 0.91015625 0.79296875 0.17890625 0.40234375
1 0.2859375 0.06015625 0.56796875 0.10625
1 0.784375 0.084375 0.43125 0.06796875
1 0.6671875 0.56796875 0.66484375 0.03828125