1 0.328125 0.27734375 0.37265625 0.37734375
1 0.0765625 0.10546875 0.146875 0.053125
1 0.07578125 0.40390625 0.13828125 0.05859375
1 0.13203125 0.9828125 0.2640625 0.034375
1 0.34375 0.90625 0.12265625 0.1875
1 0.8765625 0.98203125 0.246875 0.0359375
1 0.9859375 0.38984375 0.028125 0.04296875
1 0.9546875 0.0921875 0.090625 0.090625
0 0.95625 0.2578125 0.08515625 0.2203125
0 0.8171875 0.2328125 0.1859375 0.390625
0 0.93984375 0.4015625 0.05703125 0.05078125
0 0.66796875 0.2265625 0.10234375 0.4
0 0.5703125 0.2703125 0.08984375 0.3203125
0 0.071875 0.25078125 0.1421875 0.2375
0 0.17265625 0.7140625 0.203125 0.4828125
0 0.33984375 0.64375 0.1296875 0.33125
0 0.4515625 0.7375 0.0921875 0.49140625
0 0.63203125 0.7421875 0.24140625 0.515625
0 0.84453125 0.71953125 0.18828125 0.475
0 0.96875 0.778125 0.06171875 0.37109375
1 0.9703125 0.5375 0.05859375 0.1109375
1 0.03359375 0.51875 0.0625 0.0890625
0 0.0359375 0.7609375 0.06953125 0.39296875