1 0.4703125 0.40390625 0.1234375 0.07109375
1 0.33359375 0.05625 0.65625 0.07109375
1 0.046875 0.121875 0.09375 0.03828125
0 0.05625 0.2921875 0.1125 0.2875
0 0.2515625 0.2625 0.30234375 0.33984375
0 0.47578125 0.2640625 0.13671875 0.19375
1 0.47265625 0.1296875 0.13359375 0.065625
0 0.60234375 0.2671875 0.1203125 0.34921875
0 0.9046875 0.75859375 0.190625 0.4796875
0 0.7015625 0.75234375 0.221875 0.4953125
0 0.49765625 0.803125 0.20703125 0.39375
0 0.28515625 0.74765625 0.23671875 0.50390625
0 0.08359375 0.740625 0.1640625 0.51875
1 0.50078125 0.55078125 0.18984375 0.11015625
0 0.83203125 0.2578125 0.3359375 0.41953125