0 0.13203125 0.06328125 0.2640625 0.12578125
0 0.47890625 0.075 0.3375 0.15
0 0.73046875 0.0859375 0.1640625 0.171875
0 0.90703125 0.09140625 0.18515625 0.1828125
0 0.76484375 0.4125 0.29140625 0.39453125
0 0.9453125 0.4125 0.109375 0.371875
0 0.01484375 0.38984375 0.0296875 0.4203125
0 0.09921875 0.3890625 0.16171875 0.43046875
0 0.24765625 0.38359375 0.1890625 0.43828125
0 0.55078125 0.434375 0.159375 0.34765625
0 0.41328125 0.4359375 0.1546875 0.34375
0 0.19609375 0.8296875 0.39140625 0.340625
0 0.50234375 0.825 0.2203125 0.35
0 0.70546875 0.79765625 0.2484375 0.2921875
0 0.9015625 0.8234375 0.19609375 0.35234375
1 0.28828125 0.0734375 0.04296875 0.146875
1 0.41015625 0.221875 0.1359375 0.07578125
1 0.546875 0.22578125 0.140625 0.06796875
1 0.7109375 0.96953125 0.19453125 0.0375