0 0.08828125 0.28671875 0.1765625 0.50625
0 0.2625 0.33984375 0.1703125 0.36953125
0 0.440625 0.303125 0.1890625 0.4875
0 0.6203125 0.30625 0.165625 0.48046875
0 0.7875 0.31171875 0.1640625 0.4703125
0 0.934375 0.328125 0.13125 0.45625
0 0.81796875 0.78515625 0.3640625 0.3796875
0 0.571875 0.8171875 0.13046875 0.31875
0 0.44765625 0.7875 0.1203125 0.21015625
0 0.0828125 0.80390625 0.16484375 0.34765625
0 0.27578125 0.8 0.21953125 0.3359375
1 0.26328125 0.103125 0.16875 0.11171875
1 0.0828125 0.59453125 0.165625 0.0640625
1 0.27734375 0.6 0.21953125 0.0609375
1 0.44375 0.6296875 0.115625 0.09765625
1 0.56796875 0.61640625 0.1296875 0.0828125
1 0.44765625 0.9359375 0.11484375 0.08046875