1 0.10390625 0.675 0.153125 0.07265625
1 0.309375 0.07109375 0.6109375 0.1359375
1 0.80859375 0.05234375 0.3828125 0.0921875
1 0.65390625 0.1515625 0.07421875 0.1015625
0 0.84765625 0.2875 0.30390625 0.3703125
0 0.65078125 0.33125 0.0625 0.253125
0 0.66484375 0.74453125 0.15234375 0.4703125
0 0.8328125 0.80390625 0.16875 0.37421875
0 0.95859375 0.7625 0.08203125 0.475
1 0.8234375 0.565625 0.16640625 0.12109375
1 0.55390625 0.56953125 0.04140625 0.3109375
1 0.26328125 0.43671875 0.525 0.07421875
0 0.096875 0.55859375 0.16015625 0.15625
0 0.009375 0.5796875 0.01875 0.19921875
0 0.3546875 0.59921875 0.35234375 0.23515625
0 0.05859375 0.9015625 0.11640625 0.196875
0 0.2046875 0.87421875 0.14921875 0.209375
1 0.1984375 0.99296875 0.16328125 0.0140625
0 0.396875 0.8859375 0.234375 0.228125
1 0.53828125 0.8890625 0.03984375 0.21640625
1 0.0609375 0.77734375 0.1203125 0.040625