1 0.521875 0.22890625 0.08828125 0.36484375
1 0.81796875 0.24296875 0.24921875 0.36328125
1 0.9734375 0.1046875 0.053125 0.06328125
1 0.63203125 0.0859375 0.121875 0.05625
1 0.62890625 0.3859375 0.115625 0.0578125
1 0.2828125 0.35546875 0.18671875 0.090625
1 0.425 0.38515625 0.0828125 0.0453125
1 0.09140625 0.365625 0.1703125 0.05625
1 0.115625 0.72734375 0.15078125 0.51796875
1 0.0203125 0.87265625 0.03984375 0.23359375
1 0.25546875 0.528125 0.12265625 0.13125
1 0.3453125 0.7234375 0.04453125 0.5328125
1 0.6046875 0.54140625 0.46875 0.146875
1 0.609375 0.68046875 0.18828125 0.1234375
1 0.64140625 0.86875 0.07265625 0.24609375
1 0.48671875 0.98125 0.23046875 0.03671875
1 0.2578125 0.97421875 0.12109375 0.040625
1 0.23515625 0.0640625 0.10703125 0.05078125
1 0.971875 0.40078125 0.05625 0.0578125
1 0.00859375 0.0828125 0.015625 0.08984375
1 0.10234375 0.2984375 0.03125 0.065625
0 0.10078125 0.14765625 0.165625 0.23515625
0 0.01015625 0.23515625 0.015625 0.203125
0 0.05546875 0.3 0.06640625 0.06640625
0 0.153125 0.3 0.0578125 0.0734375
0 0.38046875 0.178125 0.17265625 0.2640625
0 0.42578125 0.33125 0.08984375 0.05390625
0 0.6296875 0.23671875 0.11640625 0.23359375
0 0.91953125 0.70859375 0.16015625 0.465625
0 0.7703125 0.78515625 0.13359375 0.33125
0 0.69453125 0.8484375 0.02890625 0.2015625
1 0.8359375 0.96875 0.32734375 0.03046875
0 0.0203125 0.60546875 0.0359375 0.2859375
0 0.25703125 0.7734375 0.13359375 0.35625
0 0.4421875 0.7890625 0.14375 0.34375
0 0.9734375 0.25625 0.053125 0.22578125
0 0.2390625 0.2 0.11015625 0.21796875