0 0.18359375 0.14453125 0.3671875 0.2890625
0 0.46640625 0.14765625 0.2015625 0.2953125
0 0.75625 0.15390625 0.15625 0.3078125
0 0.89921875 0.1984375 0.125 0.22734375
0 0.65625 0.25703125 0.05078125 0.071875
0 0.13984375 0.5640625 0.2796875 0.16015625
0 0.5265625 0.45703125 0.2828125 0.14765625
0 0.56328125 0.58125 0.275 0.11484375
0 0.80859375 0.4421875 0.10859375 0.121875
0 0.7125 0.44609375 0.08125 0.13203125
0 0.740625 0.575 0.084375 0.13515625
0 0.8484375 0.57890625 0.1328125 0.14765625
0 0.9453125 0.43984375 0.109375 0.1203125
0 0.9578125 0.58046875 0.084375 0.1625
0 0.61796875 0.853125 0.328125 0.29375
0 0.88984375 0.83203125 0.2203125 0.2734375
0 0.23046875 0.7890625 0.1 0.18046875
0 0.36328125 0.84453125 0.175 0.3109375
1 0.5984375 0.14921875 0.0609375 0.2984375
1 0.65390625 0.1109375 0.0453125 0.22109375
1 0.91796875 0.0421875 0.1578125 0.084375
1 0.98203125 0.1984375 0.0359375 0.2296875
1 0.1421875 0.4015625 0.28359375 0.16484375
1 0.6921875 0.35625 0.615625 0.046875
1 0.334375 0.484375 0.09921875 0.3265625
1 0.40625 0.596875 0.03671875 0.121875
1 0.87890625 0.4375 0.02578125 0.1390625
1 0.090625 0.8421875 0.18125 0.3125
1 0.22890625 0.93671875 0.09375 0.10390625