0 0.14375 0.30234375 0.18515625 0.47109375
0 0.02421875 0.4109375 0.0484375 0.259375
0 0.1015625 0.753125 0.1375 0.2234375
0 0.5234375 0.7546875 0.14921875 0.23046875
0 0.6359375 0.25078125 0.1609375 0.34140625
0 0.49453125 0.15859375 0.13671875 0.171875
0 0.46328125 0.3921875 0.1828125 0.2671875
0 0.8609375 0.31015625 0.278125 0.20546875
0 0.82734375 0.4640625 0.09921875 0.08984375
0 0.9484375 0.14921875 0.103125 0.1109375
0 0.95625 0.40078125 0.0875 0.22578125
1 0.0234375 0.16484375 0.046875 0.2484375
1 0.3046875 0.30546875 0.13046875 0.4890625
1 0.39765625 0.159375 0.0515625 0.19375
1 0.81015625 0.1390625 0.17578125 0.13671875
1 0.21875 0.61640625 0.4375 0.03828125
1 0.015625 0.7875 0.03125 0.296875
1 0.109375 0.90390625 0.1421875 0.075
1 0.31171875 0.75625 0.2734375 0.228125
1 0.409375 0.9078125 0.4421875 0.06328125
1 0.77421875 0.7765625 0.28203125 0.34453125
1 0.95859375 0.87265625 0.0828125 0.16484375
1 0.67109375 0.4921875 0.21171875 0.115625
1 0.61328125 0.74296875 0.0265625 0.25703125
0 0.96015625 0.6984375 0.0796875 0.178125
1 0.51953125 0.61640625 0.1515625 0.0296875
1 0.89453125 0.4671875 0.025 0.0875
1 0.88828125 0.5296875 0.2234375 0.0296875