0 0.215625 0.05625 0.09375 0.1046875
0 0.34921875 0.0921875 0.17421875 0.17578125
0 0.63359375 0.09609375 0.3390625 0.18828125
0 0.903125 0.1 0.19375 0.2
0 0.04375 0.425 0.08125 0.36875
0 0.21875 0.51796875 0.25234375 0.24921875
0 0.584375 0.53125 0.46328125 0.23984375
0 0.30234375 0.31484375 0.14765625 0.1640625
0 0.7078125 0.32265625 0.1421875 0.1734375
0 0.9484375 0.45546875 0.103125 0.3890625
0 0.634375 0.86171875 0.125 0.20859375
0 0.14453125 0.81640625 0.14765625 0.26015625
0 0.0453125 0.8609375 0.0515625 0.1921875
0 0.271875 0.82734375 0.0859375 0.1828125
0 0.35078125 0.82265625 0.06953125 0.228125
0 0.4359375 0.85703125 0.0921875 0.24609375
0 0.9625 0.8578125 0.075 0.215625
1 0.08125 0.0875 0.16171875 0.17109375
1 0.21484375 0.1453125 0.09140625 0.0625
1 0.15703125 0.31328125 0.140625 0.14453125
1 0.50859375 0.32109375 0.2515625 0.1875
1 0.8390625 0.32421875 0.1078125 0.1703125
1 0.85546875 0.53125 0.0671875 0.23984375
1 0.528125 0.84453125 0.0875 0.29140625
1 0.03359375 0.72109375 0.06171875 0.07265625
1 0.0125 0.884375 0.01796875 0.2265625
1 0.12734375 0.97734375 0.18984375 0.0453125
1 0.275 0.96015625 0.071875 0.0796875
1 0.3546875 0.971875 0.07734375 0.05390625
1 0.2671875 0.7140625 0.0796875 0.03828125
1 0.4421875 0.71484375 0.0828125 0.02890625
1 0.6375 0.725 0.12734375 0.0609375
1 0.64140625 0.98671875 0.1265625 0.02578125
1 0.8140625 0.8484375 0.2171875 0.303125
1 0.9640625 0.72109375 0.065625 0.0484375
1 0.9640625 0.9859375 0.07109375 0.02265625