0 0.05703125 0.14296875 0.1140625 0.2015625
0 0.28515625 0.13203125 0.33203125 0.20390625
0 0.59921875 0.12421875 0.284375 0.2109375
0 0.82265625 0.12265625 0.1578125 0.20703125
0 0.95234375 0.1234375 0.0953125 0.20625
0 0.021875 0.37109375 0.0421875 0.16953125
0 0.3765625 0.3640625 0.3609375 0.17421875
0 0.65390625 0.36171875 0.18671875 0.17578125
0 0.82578125 0.3640625 0.1546875 0.18046875
0 0.953125 0.36640625 0.09140625 0.18046875
0 0.27734375 0.56796875 0.2359375 0.159375
0 0.5640625 0.56875 0.33046875 0.16171875
0 0.80078125 0.57109375 0.1359375 0.1625
0 0.9328125 0.5765625 0.13046875 0.1625
0 0.04375 0.56015625 0.0859375 0.13984375
0 0.2734375 0.73828125 0.15859375 0.12890625
0 0.58046875 0.75078125 0.31484375 0.13828125
0 0.80390625 0.75234375 0.12109375 0.13203125
0 0.93125 0.75234375 0.13046875 0.1328125
0 0.32265625 0.9 0.1484375 0.1203125
0 0.48203125 0.90234375 0.17265625 0.125
1 0.11875 0.36796875 0.14609375 0.1671875
1 0.11953125 0.5640625 0.0625 0.14765625
1 0.0921875 0.73359375 0.1828125 0.1234375
1 0.12421875 0.88984375 0.2484375 0.1328125
1 0.7859375 0.91484375 0.428125 0.1328125
1 0.38984375 0.746875 0.06015625 0.13046875