0 0.0484375 0.134375 0.09453125 0.26484375
0 0.196875 0.1390625 0.19609375 0.2734375
0 0.48046875 0.140625 0.36796875 0.28046875
0 0.834375 0.1453125 0.33125 0.290625
0 0.08203125 0.496875 0.16328125 0.321875
0 0.365625 0.50546875 0.38125 0.321875
0 0.74375 0.5796875 0.36640625 0.15
0 0.071875 0.89296875 0.14375 0.2015625
0 0.4109375 0.840625 0.3734375 0.29921875
0 0.825 0.80234375 0.16171875 0.2078125
0 0.95234375 0.84140625 0.0953125 0.28125
1 0.7421875 0.4109375 0.371875 0.178125
1 0.96484375 0.49609375 0.06953125 0.3140625
1 0.075 0.7421875 0.14921875 0.09921875
1 0.190625 0.85 0.07421875 0.290625
1 0.67265625 0.8484375 0.1421875 0.29140625
1 0.828125 0.95234375 0.15703125 0.0828125