0 0.94765625 0.82265625 0.1046875 0.35390625
1 0.8578125 0.821875 0.06953125 0.35625
1 0.80390625 0.7234375 0.04296875 0.146875
0 0.7078125 0.7203125 0.14765625 0.153125
0 0.73046875 0.90078125 0.184375 0.19609375
0 0.49921875 0.88515625 0.2703125 0.2296875
1 0.5078125 0.70078125 0.24921875 0.13671875
0 0.28203125 0.88359375 0.15859375 0.22421875
0 0.3109375 0.6953125 0.140625 0.13515625
0 0.10078125 0.8796875 0.2015625 0.2375
1 0.16328125 0.690625 0.08203125 0.140625
1 0.221875 0.69765625 0.03515625 0.1421875
0 0.06171875 0.68984375 0.12265625 0.1390625
0 0.9453125 0.45859375 0.109375 0.23203125
1 0.94609375 0.32265625 0.1078125 0.03828125
0 0.84296875 0.45703125 0.09140625 0.225
1 0.84296875 0.31953125 0.1015625 0.053125
0 0.721875 0.46796875 0.146875 0.20390625
0 0.609375 0.4421875 0.0859375 0.253125
0 0.52109375 0.45859375 0.08828125 0.20390625
1 0.60859375 0.2953125 0.090625 0.03046875
1 0.01015625 0.40703125 0.01953125 0.2890625
1 0.10078125 0.44375 0.15703125 0.21875
1 0.17890625 0.30078125 0.0265625 0.0640625
1 0.2328125 0.51484375 0.1015625 0.0828125
1 0.1859375 0.40625 0.01015625 0.13828125
0 0.221875 0.3078125 0.05078125 0.075
0 0.24140625 0.40703125 0.0921875 0.12890625
0 0.37109375 0.4546875 0.1609375 0.2125
1 0.46328125 0.4546875 0.021875 0.20859375
1 0.40625 0.31015625 0.03046875 0.06953125
0 0.97265625 0.1171875 0.05390625 0.23046875
0 0.91328125 0.15546875 0.06875 0.15390625
1 0.9140625 0.040625 0.0609375 0.0765625
0 0.83828125 0.11796875 0.07421875 0.2234375
0 0.76015625 0.15546875 0.078125 0.134375
1 0.77734375 0.04609375 0.040625 0.08828125
0 0.72734375 0.0484375 0.059375 0.08359375
0 0.659375 0.05078125 0.065625 0.0921875
1 0.59609375 0.04375 0.05390625 0.0828125
0 0.67265625 0.1578125 0.09375 0.13046875
0 0.58203125 0.1546875 0.08203125 0.128125
0 0.49296875 0.15 0.09375 0.1234375
0 0.484375 0.0421875 0.16484375 0.0796875
1 0.42578125 0.14765625 0.04453125 0.11875
1 0.3359375 0.10546875 0.13515625 0.2078125
0 0.13359375 0.13359375 0.2671875 0.14140625
1 0.1328125 0.03203125 0.26484375 0.06328125