0 0.05703125 0.1671875 0.10859375 0.33046875
0 0.18515625 0.225 0.1390625 0.23671875
0 0.2875 0.253125 0.05234375 0.14140625
0 0.359375 0.27109375 0.08125 0.11328125
0 0.60234375 0.228125 0.11171875 0.18203125
0 0.83515625 0.24140625 0.31796875 0.20078125
0 0.04140625 0.546875 0.0796875 0.27109375
0 0.13046875 0.5390625 0.096875 0.28671875
0 0.228125 0.57890625 0.0953125 0.11640625
0 0.375 0.54296875 0.17734375 0.27578125
0 0.53984375 0.57109375 0.13984375 0.11171875
0 0.81328125 0.58046875 0.31796875 0.21015625
0 0.63671875 0.59296875 0.03828125 0.07109375
0 0.9890625 0.5703125 0.021875 0.196875
0 0.04609375 0.8609375 0.08984375 0.278125
0 0.1390625 0.8796875 0.0875 0.2375
0 0.2453125 0.87578125 0.1 0.225
0 0.44140625 0.8828125 0.27421875 0.221875
0 0.66171875 0.85703125 0.15234375 0.15234375
0 0.78359375 0.8859375 0.10390625 0.1984375
0 0.9015625 0.88125 0.1046875 0.18984375
1 0.2328125 0.44453125 0.0921875 0.13828125
1 0.54609375 0.446875 0.14609375 0.134375
1 0.6375 0.46328125 0.028125 0.1671875
1 0.8296875 0.42265625 0.340625 0.0859375
1 0.66640625 0.96484375 0.1296875 0.04765625
1 0.64609375 0.75703125 0.62578125 0.02734375
1 0.5625 0.05390625 0.875 0.08046875
1 0.403125 0.14609375 0.284375 0.05703125
1 0.77734375 0.11484375 0.4453125 0.021875
1 0.43359375 0.19296875 0.21875 0.0296875
1 0.475 0.26875 0.14375 0.11796875
1 0.553125 0.6578125 0.14375 0.04296875