1 0.2703125 0.05703125 0.1015625 0.10546875
1 0.61171875 0.06484375 0.17421875 0.12890625
1 0.85078125 0.03359375 0.2984375 0.0671875
0 0.84921875 0.1859375 0.30078125 0.2328125
1 0.59453125 0.27265625 0.178125 0.06640625
0 0.609375 0.19296875 0.18515625 0.1109375
0 0.41796875 0.146875 0.1921875 0.2921875
0 0.26875 0.18359375 0.1078125 0.13046875
1 0.2703125 0.2625 0.09921875 0.0265625
0 0.0578125 0.13515625 0.115625 0.2671875
0 0.1703125 0.1390625 0.103125 0.2671875
1 0.70625 0.59296875 0.125 0.0640625
1 0.575 0.35859375 0.85 0.06640625
0 0.88671875 0.5171875 0.2265625 0.23203125
0 0.71015625 0.475 0.13828125 0.15703125
0 0.540625 0.5078125 0.1953125 0.23828125
0 0.39375 0.503125 0.10546875 0.2140625
0 0.24140625 0.49765625 0.18515625 0.2109375
0 0.07421875 0.465625 0.1484375 0.290625
1 0.04296875 0.7390625 0.0859375 0.1421875
1 0.290625 0.83671875 0.1171875 0.3265625
1 0.38046875 0.7375 0.0578125 0.1125
1 0.60234375 0.97109375 0.20234375 0.05390625
1 0.72734375 0.7171875 0.15390625 0.07890625
1 0.98125 0.971875 0.0375 0.05625
0 0.98125 0.80625 0.0375 0.259375
0 0.88203125 0.8421875 0.1484375 0.315625
0 0.73125 0.85 0.1546875 0.17890625
0 0.75078125 0.96875 0.0984375 0.0625
0 0.57890625 0.8078125 0.15859375 0.2640625
0 0.45234375 0.83671875 0.08515625 0.31953125
0 0.384375 0.89921875 0.0625 0.20078125
0 0.1625 0.83828125 0.140625 0.3234375
0 0.0453125 0.9078125 0.0890625 0.18203125