0 0.590625 0.296875 0.165625 0.4296875
0 0.90625 0.325 0.16015625 0.41171875
0 0.0796875 0.22421875 0.15234375 0.37734375
0 0.75234375 0.3765625 0.14296875 0.33359375
0 0.2140625 0.71171875 0.196875 0.3
0 0.6859375 0.6890625 0.2015625 0.27890625
0 0.821875 0.67734375 0.07109375 0.24296875
0 0.93046875 0.7078125 0.1375 0.2765625
1 0.759375 0.134375 0.12265625 0.13203125
1 0.3328125 0.2765625 0.3421875 0.446875
1 0.08203125 0.45703125 0.1578125 0.07578125
1 0.44921875 0.71796875 0.25859375 0.32890625
1 0.02890625 0.75078125 0.0546875 0.26015625
1 0.08984375 0.71875 0.046875 0.3453125
1 0.82265625 0.85234375 0.06640625 0.08828125
1 0.684375 0.86640625 0.19453125 0.05703125
1 0.93359375 0.87109375 0.1328125 0.0328125
0 0.0328125 0.58046875 0.06328125 0.0765625
0 0.27265625 0.96796875 0.26484375 0.0640625
0 0.46796875 0.984375 0.121875 0.03046875
1 0.0703125 0.96640625 0.140625 0.0671875
1 0.7671875 0.9703125 0.465625 0.059375
1 0.46875 0.953125 0.1171875 0.0265625