1 0.1265625 0.025 0.2484375 0.0484375
1 0.71953125 0.0296875 0.56015625 0.053125
0 0.9765625 0.2171875 0.046875 0.3
0 0.8609375 0.21484375 0.18046875 0.31875
0 0.5203125 0.2140625 0.1703125 0.30546875
0 0.69375 0.215625 0.16328125 0.31171875
0 0.340625 0.17734375 0.1875 0.35390625
0 0.12421875 0.2015625 0.24140625 0.29609375
0 0.93203125 0.58203125 0.13515625 0.35234375
0 0.76875 0.584375 0.18984375 0.3453125
0 0.3296875 0.5734375 0.65859375 0.35078125
0 0.809375 0.89609375 0.38125 0.2078125
0 0.43515625 0.89375 0.36484375 0.2125
0 0.125 0.884375 0.25 0.23125