0 0.05234375 0.06171875 0.1 0.12109375
0 0.23359375 0.06015625 0.26953125 0.1203125
0 0.56640625 0.05703125 0.3875 0.1109375
0 0.81484375 0.05234375 0.1203125 0.1046875
0 0.9515625 0.05546875 0.096875 0.1046875
0 0.06328125 0.24765625 0.12265625 0.18125
0 0.334375 0.24140625 0.41875 0.165625
0 0.665625 0.22890625 0.09765625 0.159375
0 0.859375 0.2296875 0.28125 0.16875
0 0.06640625 0.45703125 0.128125 0.17265625
0 0.29140625 0.4453125 0.31953125 0.17890625
0 0.5890625 0.4421875 0.26953125 0.18515625
0 0.803125 0.440625 0.14609375 0.18828125
0 0.93828125 0.4421875 0.1234375 0.1875
0 0.03359375 0.65859375 0.0671875 0.153125
0 0.38515625 0.6609375 0.346875 0.16171875
0 0.64921875 0.6578125 0.1671875 0.1609375
0 0.8140625 0.65859375 0.1484375 0.15859375
0 0.9453125 0.65546875 0.109375 0.17421875
0 0.04921875 0.84453125 0.0984375 0.15
0 0.92265625 0.8609375 0.1546875 0.159375
0 0.7828125 0.86328125 0.12421875 0.159375
0 0.56875 0.8578125 0.3203125 0.15859375
0 0.28828125 0.85390625 0.24296875 0.159375
0 0.27734375 0.98046875 0.14609375 0.0390625
0 0.7109375 0.98359375 0.578125 0.03203125
1 0.58046875 0.23125 0.06796875 0.16796875
1 0.13984375 0.6625 0.1375 0.1609375
1 0.12890625 0.84921875 0.06015625 0.15546875
1 0.1 0.971875 0.19609375 0.0484375
1 0.38515625 0.98359375 0.0578125 0.0328125
1 0.8921875 0.05390625 0.02265625 0.1078125