0 0.2546875 0.1328125 0.22265625 0.2609375
0 0.72109375 0.12890625 0.115625 0.2578125
0 0.834375 0.1265625 0.0953125 0.25234375
0 0.93828125 0.128125 0.1203125 0.25625
0 0.30859375 0.61171875 0.28125 0.5453125
0 0.525 0.659375 0.1515625 0.47734375
1 0.52421875 0.15625 0.29375 0.3078125
1 0.07265625 0.1453125 0.13828125 0.28203125
1 0.8359375 0.30234375 0.321875 0.07578125
1 0.0828125 0.38828125 0.16484375 0.12265625
1 0.0734375 0.56875 0.13125 0.22734375
1 0.05859375 0.80625 0.1 0.23203125
1 0.534375 0.37890625 0.14453125 0.08828125
1 0.7234375 0.6484375 0.23359375 0.56875
1 0.92265625 0.45390625 0.1546875 0.14453125
1 0.92734375 0.92734375 0.1453125 0.0453125
1 0.86171875 0.6265625 0.03046875 0.18125
1 0.91328125 0.559375 0.05078125 0.046875
0 0.971875 0.6546875 0.05546875 0.22265625
0 0.9109375 0.74375 0.059375 0.321875
0 0.859375 0.809375 0.0375 0.1671875
0 0.1375 0.80625 0.05078125 0.22578125
0 0.15625 0.571875 0.0234375 0.2296875