0 0.05703125 0.19375 0.1140625 0.36796875
0 0.159375 0.1890625 0.07734375 0.3296875
0 0.24140625 0.19140625 0.08203125 0.33125
0 0.3265625 0.19296875 0.08046875 0.3109375
0 0.409375 0.203125 0.0765625 0.30078125
0 0.703125 0.21953125 0.50234375 0.28203125
0 0.98046875 0.296875 0.0390625 0.1515625
0 0.1125 0.5296875 0.225 0.284375
0 0.27734375 0.53046875 0.08125 0.26953125
0 0.35546875 0.52734375 0.07109375 0.275
0 0.43515625 0.53125 0.08359375 0.284375
0 0.525 0.54296875 0.08671875 0.28828125
0 0.83671875 0.54453125 0.3265625 0.271875
0 0.0265625 0.85859375 0.053125 0.28203125
0 0.1140625 0.915625 0.12265625 0.16875
0 0.2515625 0.853125 0.175 0.29375
0 0.38984375 0.80546875 0.13671875 0.17109375
0 0.90703125 0.92421875 0.1859375 0.15078125
1 0.97890625 0.1375 0.04140625 0.15703125
1 0.62265625 0.5421875 0.103125 0.27734375
1 0.1125 0.765625 0.1078125 0.11875
1 0.6203125 0.859375 0.31328125 0.28125
1 0.4015625 0.946875 0.12578125 0.10546875
1 0.978125 0.77421875 0.04375 0.1234375
1 0.7953125 0.91875 0.03984375 0.159375
0 0.86953125 0.78203125 0.17890625 0.10703125