0 0.21875 0.15 0.43359375 0.29765625
0 0.896875 0.1796875 0.20546875 0.2953125
0 0.7078125 0.16953125 0.16640625 0.3015625
0 0.9375 0.51015625 0.125 0.290625
0 0.70703125 0.50078125 0.3234375 0.3140625
0 0.37265625 0.49140625 0.334375 0.3078125
0 0.1046875 0.47265625 0.20859375 0.30234375
0 0.0890625 0.8328125 0.178125 0.334375
1 0.22734375 0.8375 0.0890625 0.315625
1 0.28984375 0.75390625 0.0296875 0.15234375
1 0.67890625 0.76015625 0.1671875 0.1296875
1 0.9671875 0.85 0.065625 0.3
0 0.846875 0.85 0.16875 0.3
0 0.678125 0.91484375 0.1640625 0.16953125
0 0.45 0.840625 0.2859375 0.31875
0 0.29296875 0.91796875 0.0359375 0.1640625
0 0.53046875 0.15703125 0.18359375 0.2921875