0 0.13828125 0.19296875 0.27265625 0.3015625
0 0.46796875 0.2078125 0.3828125 0.3
0 0.83125 0.22421875 0.3375 0.27890625
0 0.75859375 0.53984375 0.4828125 0.284375
0 0.09921875 0.53359375 0.1921875 0.29921875
0 0.353125 0.5390625 0.30546875 0.290625
0 0.14921875 0.8640625 0.29453125 0.27109375
0 0.46015625 0.8640625 0.3171875 0.27109375
0 0.86796875 0.8640625 0.2640625 0.25546875
1 0.68125 0.8671875 0.09765625 0.265625
1 0.1390625 0.02421875 0.26796875 0.0390625
1 0.46796875 0.02734375 0.375 0.0484375
1 0.8296875 0.04609375 0.340625 0.075