0 0.89453125 0.8203125 0.04296875 0.275
0 0.959375 0.8578125 0.08125 0.20078125
0 0.834375 0.85703125 0.06953125 0.20234375
1 0.7859375 0.85625 0.02421875 0.20625
1 0.69609375 0.73671875 0.065625 0.1109375
1 0.75234375 0.77578125 0.03984375 0.04453125
0 0.71796875 0.86171875 0.07265625 0.1265625
1 0.76328125 0.88125 0.0125 0.16171875
1 0.7171875 0.94140625 0.07421875 0.03203125
0 0.64140625 0.85546875 0.08125 0.1265625
1 0.64140625 0.93828125 0.07578125 0.0328125
1 0.63046875 0.7703125 0.06015625 0.0375
1 0.56015625 0.78125 0.07734375 0.0625
1 0.4890625 0.73984375 0.05859375 0.12890625
0 0.55390625 0.8828125 0.0890625 0.14453125
0 0.46015625 0.8859375 0.09140625 0.140625
0 0.36875 0.8859375 0.0828125 0.146875
1 0.434375 0.7765625 0.04921875 0.053125
0 0.3671875 0.78203125 0.08203125 0.06328125
0 0.28515625 0.88125 0.08203125 0.14296875
1 0.0234375 0.86953125 0.046875 0.1609375
1 0.05546875 0.8796875 0.0109375 0.14296875
0 0.1046875 0.8734375 0.08203125 0.13046875
0 0.1890625 0.88125 0.08671875 0.14140625
1 0.23828125 0.8828125 0.009375 0.140625
1 0.10390625 0.94453125 0.08125 0.0109375
1 0.02421875 0.76171875 0.0484375 0.04453125
1 0.06953125 0.77421875 0.03984375 0.0609375
1 0.10859375 0.70546875 0.04609375 0.07890625
1 0.16640625 0.77578125 0.14765625 0.05703125
0 0.97421875 0.52578125 0.0515625 0.1421875
1 0.9953125 0.384375 0.009375 0.1375
1 0.9703125 0.42265625 0.0421875 0.0578125
1 0.9015625 0.4984375 0.0859375 0.22734375
1 0.9734375 0.6109375 0.053125 0.015625
1 0.81796875 0.45625 0.071875 0.3125
1 0.7296875 0.48515625 0.103125 0.25703125
1 0.084375 0.5 0.1671875 0.14609375
1 0.08359375 0.5859375 0.1671875 0.021875
1 0.22734375 0.51171875 0.11640625 0.1734375
1 0.203125 0.3484375 0.04453125 0.15546875
1 0.2578125 0.37578125 0.059375 0.0890625
1 0.015625 0.34765625 0.03125 0.159375
1 0.2109375 0.2453125 0.0421875 0.05546875
0 0.42578125 0.45625 0.09140625 0.2859375
1 0.421875 0.2984375 0.0828125 0.0359375
0 0.525 0.48046875 0.1046875 0.24765625
1 0.6203125 0.3015625 0.021875 0.0359375
0 0.621875 0.46484375 0.0140625 0.29140625
0 0.64453125 0.48125 0.02421875 0.26875
1 0.6671875 0.53828125 0.0171875 0.14453125
0 0.6671875 0.409375 0.0171875 0.10234375
0 0.3328125 0.39296875 0.084375 0.13203125
0 0.3328125 0.53203125 0.0875 0.14453125
1 0.10703125 0.3828125 0.14296875 0.0875
0 0.9859375 0.128125 0.028125 0.253125
0 0.8875 0.125 0.1703125 0.2484375
1 0.7875 0.053125 0.02265625 0.1015625
0 0.78671875 0.175 0.0265625 0.1296875
0 0.69296875 0.04921875 0.15625 0.09765625
0 0.69609375 0.16484375 0.16171875 0.140625
0 0.5671875 0.1140625 0.08984375 0.2234375
0 0.471875 0.1140625 0.09140625 0.22734375
0 0.359375 0.14453125 0.121875 0.15625
1 0.36171875 0.03515625 0.1265625 0.065625
1 0.27578125 0.03515625 0.0421875 0.0703125
0 0.20859375 0.0375 0.0890625 0.075
0 0.11796875 0.0390625 0.07734375 0.0765625
0 0.040625 0.03125 0.08125 0.059375
0 0.03984375 0.13828125 0.0796875 0.14375
0 0.11171875 0.14453125 0.059375 0.128125
0 0.41953125 0.2515625 0.078125 0.0484375