0 0.171875 0.1234375 0.34375 0.246875
0 0.59375 0.1375 0.21484375 0.275
0 0.8515625 0.17265625 0.296875 0.1828125
0 0.90703125 0.0390625 0.1859375 0.078125
1 0.75703125 0.04453125 0.11484375 0.0796875
0 0.15625 0.72890625 0.309375 0.47109375
0 0.434375 0.640625 0.240625 0.6546875
0 0.84453125 0.64609375 0.3109375 0.63828125
1 0.41640625 0.1265625 0.140625 0.253125
1 0.590625 0.6515625 0.0625 0.653125
1 0.15546875 0.39296875 0.3109375 0.2140625
0 0.6578125 0.51484375 0.06796875 0.39921875
1 0.6546875 0.8484375 0.06328125 0.25859375