0 0.06328125 0.296875 0.1265625 0.38125
0 0.2828125 0.26875 0.30390625 0.37578125
0 0.48125 0.26640625 0.10234375 0.3515625
0 0.7140625 0.3296875 0.21328125 0.20078125
0 0.9125 0.24140625 0.175 0.34609375
0 0.21640625 0.73515625 0.23125 0.45703125
0 0.4234375 0.73984375 0.18984375 0.48046875
0 0.7046875 0.71171875 0.36484375 0.4671875
0 0.94453125 0.81328125 0.11015625 0.2640625
1 0.5671875 0.2453125 0.06875 0.34921875
1 0.71796875 0.14609375 0.20625 0.165625
1 0.94765625 0.5828125 0.1046875 0.18359375
1 0.07421875 0.74765625 0.0546875 0.47734375
1 0.021875 0.946875 0.03671875 0.0921875
0 0.021875 0.71328125 0.0421875 0.371875