0 0.0140625 0.403125 0.028125 0.2109375
0 0.24921875 0.4125 0.4390625 0.20625
0 0.578125 0.36796875 0.21953125 0.3125
0 0.7015625 0.4109375 0.03046875 0.21953125
0 0.8296875 0.4234375 0.21796875 0.20078125
0 0.96171875 0.346875 0.0765625 0.340625
0 0.0140625 0.75 0.028125 0.30234375
0 0.30234375 0.7671875 0.23125 0.36328125
0 0.515625 0.82109375 0.19375 0.20234375
0 0.8890625 0.76328125 0.221875 0.3546875
0 0.740625 0.78359375 0.07109375 0.13515625
1 0.24765625 0.1546875 0.4375 0.3046875
1 0.69453125 0.1046875 0.45078125 0.20546875
1 0.9609375 0.090625 0.078125 0.16484375
1 0.01484375 0.146875 0.0265625 0.2890625
1 0.8046875 0.2546875 0.2328125 0.08671875
1 0.81953125 0.31171875 0.20390625 0.02109375
1 0.09375 0.57578125 0.18671875 0.03671875
1 0.10703125 0.7890625 0.16015625 0.37734375
1 0.0140625 0.93984375 0.028125 0.07265625
1 0.5953125 0.63984375 0.35703125 0.1546875
1 0.66171875 0.83671875 0.09296875 0.23203125
1 0.51484375 0.93828125 0.1984375 0.0296875
1 0.7453125 0.9046875 0.06953125 0.09921875