0 0.07890625 0.3140625 0.1578125 0.20625
0 0.053125 0.70703125 0.10625 0.45546875
0 0.8765625 0.23125 0.18671875 0.45
0 0.4359375 0.10859375 0.3234375 0.16640625
0 0.5078125 0.31953125 0.53984375 0.2390625
0 0.3015625 0.715625 0.18828125 0.45234375
0 0.746875 0.69921875 0.4140625 0.18203125
0 0.4625 0.840625 0.13828125 0.24453125
0 0.740625 0.8859375 0.42109375 0.1671875
0 0.9765625 0.76484375 0.04609375 0.415625
0 0.92734375 0.58359375 0.05 0.04765625
0 0.06640625 0.11015625 0.1328125 0.2140625
1 0.20703125 0.08984375 0.14296875 0.17578125
1 0.18203125 0.19765625 0.090625 0.03046875
1 0.2015625 0.3234375 0.0734375 0.2203125
1 0.44140625 0.01328125 0.328125 0.0265625
1 0.69453125 0.0984375 0.17734375 0.196875
1 0.1578125 0.721875 0.08671875 0.5046875
1 0.98984375 0.228125 0.01953125 0.45625
1 0.4734375 0.5953125 0.134375 0.25078125
1 0.721875 0.54609375 0.3546875 0.13359375
1 0.9484375 0.525 0.08671875 0.07109375