0 0.4625 0.34921875 0.10390625 0.3296875
0 0.5703125 0.35390625 0.09609375 0.33671875
0 0.80703125 0.35703125 0.3859375 0.3359375
0 0.0984375 0.4171875 0.19609375 0.17578125
0 0.30390625 0.428125 0.2109375 0.19921875
0 0.11953125 0.2765625 0.16171875 0.11015625
0 0.22890625 0.2828125 0.04921875 0.10625
0 0.4765625 0.75859375 0.41796875 0.3625
0 0.0875 0.7859375 0.175 0.178125
1 0.01640625 0.184375 0.0328125 0.29765625
1 0.146875 0.12890625 0.21953125 0.1828125
1 0.33671875 0.17890625 0.14765625 0.2828125
1 0.70703125 0.1171875 0.5828125 0.125
1 0.0875 0.6234375 0.175 0.1390625
1 0.22265625 0.740625 0.0859375 0.3734375
1 0.0890625 0.8984375 0.178125 0.04375
1 0.8328125 0.74375 0.29453125 0.37109375
0 0.99140625 0.79140625 0.0171875 0.23359375