0 0.07109375 0.2765625 0.1421875 0.31875
0 0.171875 0.2484375 0.046875 0.26015625
0 0.3171875 0.228125 0.16953125 0.43984375
0 0.4828125 0.328125 0.1515625 0.26015625
0 0.6453125 0.240625 0.1671875 0.425
0 0.74765625 0.3390625 0.028125 0.21171875
0 0.13046875 0.7703125 0.2578125 0.44765625
0 0.2921875 0.859375 0.0609375 0.275
0 0.41171875 0.7828125 0.178125 0.434375
0 0.61875 0.7875 0.228125 0.425
0 0.80078125 0.81328125 0.13046875 0.37265625
0 0.93359375 0.853125 0.1328125 0.29375
1 0.11484375 0.06015625 0.22421875 0.1078125
1 0.21640625 0.2859375 0.03125 0.309375
1 0.17265625 0.41328125 0.05703125 0.059375
1 0.48984375 0.10546875 0.1578125 0.1984375
1 0.65390625 0.01328125 0.1609375 0.0265625
1 0.86796875 0.11640625 0.259375 0.228125
1 0.88671875 0.34765625 0.2265625 0.22109375
1 0.13125 0.50859375 0.26171875 0.0515625
1 0.29140625 0.59765625 0.0609375 0.2359375
1 0.66328125 0.528125 0.67265625 0.09296875
1 0.8671875 0.59765625 0.26484375 0.03671875
1 0.934375 0.66328125 0.12734375 0.08671875