0 0.9484375 0.81796875 0.103125 0.23515625
1 0.9484375 0.678125 0.103125 0.04375
0 0.840625 0.79609375 0.11015625 0.28515625
0 0.71796875 0.79375 0.13203125 0.29140625
0 0.5578125 0.82890625 0.1796875 0.2328125
1 0.55859375 0.6765625 0.18046875 0.065625
0 0.3328125 0.8203125 0.265625 0.23203125
0 0.1015625 0.8140625 0.19765625 0.246875
1 0.33359375 0.66875 0.26171875 0.0625
1 0.10078125 0.6578125 0.2015625 0.0625
0 0.93359375 0.53359375 0.1328125 0.1546875
0 0.80390625 0.5296875 0.12578125 0.15078125
0 0.6765625 0.5203125 0.13515625 0.171875
0 0.46953125 0.50703125 0.27578125 0.1640625
0 0.196875 0.49609375 0.26640625 0.16640625
0 0.0328125 0.49375 0.0625 0.1625
1 0.934375 0.434375 0.13125 0.0375
1 0.80703125 0.42890625 0.12265625 0.0453125
1 0.67734375 0.4109375 0.128125 0.03828125
1 0.5375 0.40390625 0.14765625 0.04140625
1 0.39765625 0.3984375 0.1296875 0.04375
1 0.20078125 0.38828125 0.26015625 0.0515625
1 0.03515625 0.384375 0.0703125 0.05859375
0 0.990625 0.28359375 0.01796875 0.1859375
1 0.9890625 0.1765625 0.02109375 0.02421875
0 0.94375 0.30546875 0.07265625 0.1328125
0 0.878125 0.3015625 0.053125 0.12734375
0 0.775 0.2 0.165625 0.06484375
0 0.771875 0.2953125 0.1578125 0.12109375
1 0.91953125 0.19609375 0.11875 0.0875
1 0.8171875 0.1515625 0.078125 0.02421875
1 0.734375 0.14765625 0.08515625 0.03828125
1 0.653125 0.23359375 0.07578125 0.23203125
0 0.53359375 0.2390625 0.1546875 0.203125
0 0.38125 0.2421875 0.14296875 0.178125
0 0.08671875 0.19453125 0.17109375 0.2390625
0 0.24453125 0.19765625 0.13671875 0.2421875
1 0.384375 0.12421875 0.1375 0.05390625
1 0.5109375 0.1234375 0.109375 0.02734375
1 0.59140625 0.12265625 0.046875 0.0171875
0 0.9421875 0.05859375 0.11484375 0.1171875
0 0.846875 0.05390625 0.0703125 0.10390625
0 0.7765625 0.046875 0.065625 0.09375
0 0.6625 0.03984375 0.1484375 0.07890625
0 0.5109375 0.0328125 0.15 0.06484375
0 0.3984375 0.028125 0.078125 0.05546875
0 0.31796875 0.025 0.08046875 0.0453125
0 0.23359375 0.02109375 0.08203125 0.040625
0 0.15 0.015625 0.0796875 0.0265625
0 0.05625 0.0125 0.1125 0.02421875