0 0.98359375 0.7703125 0.0328125 0.29609375
1 0.98359375 0.6015625 0.0328125 0.03125
0 0.88671875 0.759375 0.15859375 0.33203125
0 0.6921875 0.75 0.22421875 0.34453125
0 0.51640625 0.746875 0.125 0.365625
0 0.40078125 0.765625 0.10234375 0.33359375
0 0.1734375 0.76796875 0.346875 0.3234375
1 0.8375 0.55234375 0.0609375 0.07578125
1 0.9203125 0.5828125 0.09765625 0.01171875
1 0.69296875 0.54140625 0.22109375 0.0640625
1 0.515625 0.5359375 0.13046875 0.05625
1 0.39921875 0.54921875 0.1078125 0.0921875
1 0.26796875 0.55 0.14765625 0.10234375
1 0.09765625 0.5484375 0.19453125 0.109375
0 0.9515625 0.32421875 0.06328125 0.253125
1 0.99296875 0.3265625 0.0140625 0.253125
0 0.88515625 0.3265625 0.06484375 0.26171875
0 0.78046875 0.3421875 0.14296875 0.21796875
0 0.6046875 0.2921875 0.19609375 0.30546875
1 0.77734375 0.1921875 0.14609375 0.0828125
1 0.9265625 0.1765625 0.146875 0.0375
0 0.25390625 0.32109375 0.50625 0.2265625
1 0.07734375 0.1640625 0.1546875 0.0859375
1 0.2640625 0.16640625 0.21328125 0.07890625
1 0.4390625 0.16796875 0.1328125 0.06796875
0 0.90546875 0.0546875 0.18828125 0.10859375
0 0.70546875 0.04765625 0.2078125 0.09453125
0 0.5390625 0.04140625 0.12109375 0.08203125
0 0.42421875 0.0390625 0.11171875 0.07734375
0 0.315625 0.0390625 0.103125 0.07734375
0 0.21171875 0.034375 0.10234375 0.06796875
0 0.0796875 0.03515625 0.15703125 0.06953125