1 0.5 0.13359375 1 0.12890625
1 0.23203125 0.2390625 0.46015625 0.065625
1 0.51875 0.215625 0.1203125 0.02734375
0 0.7609375 0.36953125 0.359375 0.34296875
1 0.971875 0.24140625 0.05546875 0.075
0 0.971875 0.4109375 0.05625 0.25234375
0 0.5234375 0.38359375 0.115625 0.29296875
0 0.2296875 0.4 0.45859375 0.25
0 0.178125 0.0234375 0.353125 0.046875
0 0.5984375 0.03359375 0.4734375 0.0671875
0 0.884375 0.02890625 0.121875 0.0578125
1 0.9640625 0.03203125 0.071875 0.06328125
1 0.778125 0.65234375 0.44296875 0.1640625
1 0.85390625 0.76015625 0.28359375 0.03984375
0 0.85546875 0.89140625 0.2890625 0.20859375
0 0.63359375 0.86484375 0.146875 0.25625
1 0.2765625 0.60546875 0.55078125 0.08671875
0 0.44609375 0.828125 0.23125 0.3359375
0 0.246875 0.82578125 0.16484375 0.34765625
1 0.08359375 0.690625 0.16328125 0.08515625
1 0.1296875 0.8671875 0.0640625 0.26484375
0 0.046875 0.865625 0.09375 0.253125