0 0.08671875 0.8640625 0.171875 0.21640625
1 0.0859375 0.98828125 0.171875 0.0234375
1 0.24453125 0.8765625 0.13984375 0.24609375
1 0.32421875 0.79921875 0.01640625 0.09140625
0 0.36015625 0.92421875 0.09296875 0.1515625
0 0.371875 0.79921875 0.075 0.09140625
0 0.52421875 0.875 0.22578125 0.240625
0 0.7140625 0.865625 0.1515625 0.22578125
0 0.80859375 0.8734375 0.0359375 0.24375
0 0.9546875 0.86328125 0.021875 0.2390625
0 0.98359375 0.896875 0.0328125 0.17265625
0 0.88515625 0.90234375 0.1171875 0.17265625
1 0.7125 0.9890625 0.15 0.021875
0 0.9859375 0.56875 0.028125 0.15859375
1 0.98515625 0.45234375 0.0296875 0.0625
1 0.984375 0.6671875 0.03125 0.0375
1 0.95 0.55625 0.0359375 0.2625
1 0.9203125 0.490625 0.0203125 0.1390625
0 0.8703125 0.5578125 0.07578125 0.26875
0 0.9203125 0.62890625 0.01875 0.1265625
0 0.7765625 0.55390625 0.10625 0.26328125
0 0.67265625 0.55390625 0.09453125 0.2734375
0 0.5828125 0.553125 0.084375 0.275
0 0.496875 0.5484375 0.08046875 0.28125
0 0.43203125 0.5453125 0.0421875 0.28359375
0 0.33984375 0.5765625 0.13984375 0.21796875
0 0.23671875 0.54375 0.0640625 0.284375
0 0.1609375 0.57734375 0.08359375 0.2109375
0 0.0609375 0.615625 0.12109375 0.14296875
1 0.02734375 0.47421875 0.0546875 0.134375
1 0.08671875 0.5046875 0.0578125 0.07421875
0 0.89921875 0.30078125 0.2015625 0.13203125
1 0.90625 0.121875 0.18671875 0.22109375
1 0.80703125 0.121875 0.01640625 0.23125
0 0.71328125 0.228125 0.16640625 0.26328125
1 0.71328125 0.0484375 0.16484375 0.0875
0 0.115625 0.203125 0.23125 0.271875
0 0.33671875 0.21171875 0.20546875 0.2703125
0 0.534375 0.22421875 0.18515625 0.25546875
1 0.5359375 0.046875 0.18203125 0.08984375
1 0.3390625 0.03828125 0.2078125 0.07265625
1 0.11640625 0.0328125 0.2328125 0.0609375