1 0.0890625 0.11171875 0.171875 0.21015625
0 0.090625 0.32421875 0.18046875 0.20546875
1 0.20546875 0.21015625 0.0484375 0.41875
1 0.89140625 0.15234375 0.2171875 0.2453125
1 0.696875 0.13125 0.16875 0.209375
1 0.42109375 0.096875 0.38046875 0.19296875
0 0.42734375 0.3265625 0.38046875 0.26796875
0 0.69921875 0.35234375 0.16171875 0.22890625
1 0.65625 0.55234375 0.68671875 0.10546875
0 0.93203125 0.7859375 0.13515625 0.3609375
0 0.765625 0.7875 0.19765625 0.36875
0 0.5640625 0.79140625 0.196875 0.36875
0 0.3859375 0.79140625 0.14765625 0.340625
0 0.23671875 0.784375 0.14375 0.23203125
1 0.22578125 0.928125 0.121875 0.05546875
1 0.2328125 0.575 0.1390625 0.1703125
1 0.0796875 0.63359375 0.159375 0.29921875
1 0.13046875 0.8703125 0.08046875 0.165625
0 0.04375 0.86875 0.0875 0.16875