0 0.9859375 0.2125 0.028125 0.103125
1 0.98671875 0.08046875 0.02578125 0.16015625
1 0.9625 0.1359375 0.02578125 0.2671875
0 0.87421875 0.14921875 0.14921875 0.246875
1 0.87421875 0.01328125 0.1484375 0.021875
0 0.72734375 0.13125 0.15078125 0.259375
0 0.55390625 0.1265625 0.19140625 0.25234375
0 0.4484375 0.1234375 0.0140625 0.24609375
0 0.3765625 0.13359375 0.12734375 0.2234375
0 0.271875 0.12265625 0.0765625 0.24140625
0 0.19765625 0.1296875 0.06796875 0.22734375
0 0.08203125 0.17578125 0.1640625 0.1390625
1 0.02890625 0.0609375 0.0578125 0.0859375
1 0.11015625 0.0625 0.09921875 0.0890625
1 0.0703125 0.009375 0.0609375 0.01796875
0 0.97734375 0.77578125 0.04453125 0.321875
0 0.903125 0.80546875 0.10078125 0.2640625
1 0.82421875 0.7796875 0.05390625 0.3296875
0 0.740625 0.8140625 0.11328125 0.2734375
0 0.66484375 0.7890625 0.0375 0.3328125
0 0.58671875 0.81796875 0.1171875 0.27421875
1 0.28359375 0.425 0.14453125 0.246875
0 0.97421875 0.47265625 0.0515625 0.1640625
1 0.9609375 0.35625 0.01875 0.065625
0 0.89609375 0.47109375 0.1015625 0.17421875
0 0.78828125 0.44296875 0.10625 0.22734375
0 0.6953125 0.43671875 0.075 0.2359375
0 0.621875 0.4390625 0.0640625 0.23984375
0 0.553125 0.434375 0.06796875 0.234375
0 0.48125 0.42890625 0.0671875 0.2390625
0 0.4015625 0.4296875 0.08359375 0.2359375
0 0.13203125 0.4234375 0.1515625 0.25078125
0 0.0265625 0.44921875 0.053125 0.2015625
1 0.028125 0.32578125 0.05625 0.0453125
0 0.08203125 0.83359375 0.1640625 0.27421875
0 0.4953125 0.784375 0.0578125 0.34296875
0 0.4140625 0.8015625 0.103125 0.30390625
0 0.26484375 0.8265625 0.19375 0.2703125
1 0.2546875 0.65078125 0.17421875 0.071875
1 0.3515625 0.67109375 0.01953125 0.03046875
1 0.00703125 0.65234375 0.01328125 0.0765625
1 0.090625 0.6859375 0.14921875 0.02578125
1 0.1515625 0.64296875 0.02734375 0.05859375