0 0.815625 0.2015625 0.3625 0.15859375
0 0.325 0.20546875 0.48984375 0.13828125
0 0.05234375 0.24140625 0.05390625 0.09375
0 0.81953125 0.4171875 0.36015625 0.19921875
0 0.503125 0.409375 0.271875 0.1796875
0 0.23203125 0.41015625 0.265625 0.1828125
0 0.81640625 0.6265625 0.36328125 0.1609375
0 0.440625 0.621875 0.34609375 0.15859375
0 0.16640625 0.621875 0.19296875 0.1625
0 0.02109375 0.61171875 0.04140625 0.159375
0 0.015625 0.81328125 0.03125 0.17109375
0 0.81796875 0.8375 0.36015625 0.18515625
0 0.59765625 0.8390625 0.084375 0.18125
0 0.52421875 0.7890625 0.0609375 0.08515625
0 0.29765625 0.828125 0.42109375 0.1875
0 0.05 0.76484375 0.0421875 0.065625
0 0.01484375 0.8171875 0.0296875 0.15859375
0 0.0765625 0.8515625 0.02421875 0.10078125
0 0.0515625 0.8765625 0.0234375 0.05390625
1 0.0484375 0.8265625 0.03125 0.04765625
1 0.01484375 0.41796875 0.02890625 0.1921875
1 0.01328125 0.2140625 0.0265625 0.1625
1 0.0546875 0.16171875 0.05234375 0.059375
1 0.60078125 0.2046875 0.059375 0.16875
1 0.5328125 0.88125 0.04296875 0.0984375
0 0.06171875 0.45 0.065625 0.1203125
1 0.065625 0.35703125 0.06796875 0.0703125
1 0.0546875 0.61796875 0.0234375 0.15546875
0 0.0234375 0.97265625 0.046875 0.0515625
0 0.28359375 0.9765625 0.39609375 0.046875
0 0.83125 0.9796875 0.3375 0.03359375
1 0.578125 0.98125 0.171875 0.0359375
1 0.06640625 0.9734375 0.03125 0.05234375
1 0.628125 0.621875 0.021875 0.17734375