1 0.91875 0.0828125 0.16171875 0.16484375
1 0.7640625 0.08125 0.1453125 0.16171875
0 0.63046875 0.07734375 0.11875 0.15
1 0.55703125 0.07109375 0.02734375 0.14140625
0 0.4890625 0.06953125 0.10234375 0.134375
1 0.41015625 0.06875 0.05234375 0.1359375
0 0.3359375 0.065625 0.08671875 0.13046875
0 0.21328125 0.0625 0.15546875 0.12421875
0 0.0609375 0.059375 0.121875 0.1140625
1 0.12734375 0.0609375 0.0078125 0.1171875
0 0.95546875 0.446875 0.0890625 0.2859375
0 0.87109375 0.38828125 0.07890625 0.165625
0 0.8703125 0.51640625 0.07890625 0.0890625
1 0.84296875 0.578125 0.13984375 0.028125
1 0.95703125 0.26796875 0.0859375 0.06640625
1 0.87109375 0.2640625 0.08125 0.0734375
0 0.77265625 0.4796875 0.121875 0.15859375
0 0.75078125 0.328125 0.08671875 0.1359375
1 0.8140625 0.31015625 0.03359375 0.178125
1 0.7515625 0.23828125 0.08828125 0.04140625
1 0.675 0.24296875 0.0671875 0.05078125
0 0.6921875 0.40390625 0.0359375 0.26328125
0 0.6484375 0.4453125 0.04609375 0.275
1 0.6921875 0.559375 0.0375 0.04921875
1 0.74375 0.57421875 0.05703125 0.02578125
0 0.590625 0.3984375 0.065625 0.25546875
1 0.590625 0.5546875 0.0625 0.05625
1 0.5984375 0.240625 0.084375 0.0546875
1 0.6515625 0.2875 0.04921875 0.0296875
1 0.51640625 0.30625 0.0734375 0.20546875
0 0.5203125 0.4984375 0.07578125 0.16640625
0 0.415625 0.390625 0.12890625 0.38828125
1 0.26796875 0.38203125 0.1625 0.38828125
0 0.07734375 0.41171875 0.15078125 0.28671875
0 0.16875 0.3875 0.03203125 0.234375
1 0.16875 0.5390625 0.03046875 0.0625
1 0.07578125 0.565625 0.1515625 0.0125
1 0.09140625 0.221875 0.1828125 0.08125
0 0.95234375 0.8328125 0.09453125 0.29609375
1 0.953125 0.67109375 0.09296875 0.02734375
0 0.8234375 0.8171875 0.16171875 0.31953125
0 0.67421875 0.8609375 0.1328125 0.2421875
1 0.67265625 0.72265625 0.1328125 0.02734375
1 0.66015625 0.67890625 0.03125 0.0578125
1 0.5703125 0.67109375 0.04140625 0.0421875
1 0.47265625 0.6734375 0.0375 0.046875
0 0.52578125 0.84296875 0.16171875 0.284375
0 0.3609375 0.82421875 0.1671875 0.309375
0 0.153125 0.83359375 0.240625 0.296875
0 0.015625 0.80625 0.03125 0.23515625
1 0.015625 0.95390625 0.03125 0.05234375
1 0.3375 0.65625 0.1171875 0.025
1 0.01484375 0.66328125 0.0296875 0.05078125
1 0.0921875 0.66015625 0.125 0.0421875
0 0.21640625 0.66015625 0.121875 0.04296875