0 0.88203125 0.84921875 0.23515625 0.3015625
0 0.6640625 0.846875 0.196875 0.30625
1 0.88359375 0.675 0.23203125 0.040625
1 0.6671875 0.66953125 0.1984375 0.04140625
1 0.54375 0.85390625 0.0421875 0.28671875
0 0.47421875 0.85390625 0.08828125 0.29140625
0 0.38515625 0.88515625 0.0828125 0.2296875
1 0.3875 0.703125 0.084375 0.13125
0 0.284375 0.85 0.11875 0.29921875
0 0.190625 0.91171875 0.06953125 0.17578125
1 0.17890625 0.6671875 0.07109375 0.07109375
1 0.190625 0.7640625 0.0671875 0.11171875
1 0.1359375 0.85078125 0.0359375 0.2984375
1 0.0578125 0.8484375 0.115625 0.3
0 0.9578125 0.503125 0.084375 0.1921875
0 0.83984375 0.49609375 0.146875 0.19375
0 0.66640625 0.48125 0.19453125 0.2109375
1 0.95859375 0.3703125 0.0828125 0.0671875
1 0.8421875 0.365625 0.1515625 0.06796875
1 0.66953125 0.34609375 0.19609375 0.059375
1 0.5515625 0.3390625 0.03203125 0.0640625
0 0.4609375 0.478125 0.20859375 0.20625
1 0.3765625 0.33203125 0.06328125 0.06875
0 0.2375 0.471875 0.23671875 0.203125
1 0.16640625 0.3265625 0.09453125 0.07734375
1 0.0578125 0.45 0.115625 0.215625
0 0.86875 0.14140625 0.26171875 0.278125
0 0.64140625 0.1328125 0.18671875 0.26484375
1 0.48046875 0.12734375 0.1328125 0.253125
0 0.31015625 0.12421875 0.203125 0.23515625
0 0.103125 0.17578125 0.20625 0.10859375
0 0.025 0.08515625 0.04609375 0.071875
1 0.128125 0.06171875 0.15625 0.11875
1 0.0234375 0.0234375 0.046875 0.046875