0 0.95546875 0.26875 0.08828125 0.2203125
1 0.95703125 0.09609375 0.0859375 0.121875
0 0.815625 0.2265625 0.18984375 0.29609375
1 0.81640625 0.05546875 0.19140625 0.046875
0 0.08359375 0.24375 0.1671875 0.184375
0 0.278125 0.2484375 0.21328125 0.1859375
0 0.47890625 0.2578125 0.18515625 0.1859375
0 0.64609375 0.25390625 0.15078125 0.21328125
1 0.64296875 0.075 0.15 0.13671875
1 0.47578125 0.08125 0.18203125 0.1609375
1 0.275 0.0765625 0.21171875 0.14921875
1 0.08359375 0.07421875 0.16640625 0.14765625
0 0.98515625 0.58359375 0.0296875 0.18515625
1 0.98515625 0.4609375 0.0296875 0.0609375
0 0.8125 0.54609375 0.31328125 0.26015625
0 0.56953125 0.5359375 0.1703125 0.259375
1 0.4203125 0.53515625 0.1265625 0.2703125
0 0.2484375 0.54609375 0.21171875 0.2265625
1 0.24921875 0.41015625 0.2125 0.0375
1 0.0703125 0.465625 0.1390625 0.1640625
0 0.0703125 0.60546875 0.140625 0.10703125
0 0.18125 0.88046875 0.209375 0.18671875
0 0.415625 0.85390625 0.2265625 0.2546875
0 0.76640625 0.865625 0.4671875 0.209375
1 0.76640625 0.74453125 0.4671875 0.0328125
1 0.03828125 0.8796875 0.0765625 0.20625
1 0.11875 0.75234375 0.08125 0.06015625
1 0.07265625 0.7515625 0.009375 0.05859375
1 0.29375 0.846875 0.01484375 0.25