0 0.0203125 0.39921875 0.040625 0.1703125
0 0.36875 0.42734375 0.33671875 0.1703125
0 0.303125 0.2859375 0.09140625 0.115625
0 0.5109375 0.21171875 0.078125 0.2609375
0 0.7984375 0.38515625 0.39765625 0.26796875
1 0.7796875 0.16796875 0.43359375 0.15859375
1 0.56953125 0.375 0.04765625 0.2515625
1 0.4109375 0.2015625 0.1203125 0.2609375
1 0.12109375 0.2765625 0.15 0.43046875
1 0.2734375 0.14296875 0.14921875 0.1671875
1 0.2296875 0.28984375 0.05703125 0.11640625
1 0.0234375 0.1734375 0.0390625 0.259375
1 0.50078125 0.5875 0.99765625 0.125
1 0.0328125 0.6828125 0.05234375 0.05390625
1 0.5296875 0.67890625 0.5796875 0.05625
0 0.15078125 0.80234375 0.1796875 0.3046875
0 0.03125 0.8359375 0.0609375 0.25
0 0.3078125 0.83203125 0.1328125 0.234375
0 0.53359375 0.8359375 0.30859375 0.2421875
0 0.76328125 0.8421875 0.140625 0.2578125
0 0.9140625 0.81484375 0.171875 0.3171875
0 0.8078125 0.03671875 0.38359375 0.0734375
0 0.49453125 0.02265625 0.2015625 0.0453125
0 0.28671875 0.01328125 0.1734375 0.0265625