0 0.09921875 0.2796875 0.19765625 0.33203125
0 0.26796875 0.32265625 0.14609375 0.24609375
0 0.43046875 0.2734375 0.17734375 0.34765625
0 0.59921875 0.33125 0.16640625 0.246875
0 0.8421875 0.33828125 0.315625 0.2671875
0 0.884375 0.80390625 0.23125 0.39140625
0 0.66796875 0.82265625 0.1984375 0.3546875
0 0.74609375 0.60625 0.03828125 0.0828125
0 0.46484375 0.77578125 0.2140625 0.4421875
0 0.0671875 0.65859375 0.13359375 0.18671875
0 0.17578125 0.878125 0.3515625 0.24375
1 0.096875 0.053125 0.190625 0.10625
1 0.27109375 0.10078125 0.1421875 0.19296875
1 0.43125 0.04921875 0.18203125 0.090625
1 0.76015625 0.10390625 0.47890625 0.2
1 0.06796875 0.51640625 0.1359375 0.07890625
1 0.24765625 0.6125 0.21875 0.2640625
1 0.46796875 0.51484375 0.2171875 0.06328125
1 0.65234375 0.565625 0.14609375 0.16015625
1 0.8640625 0.525 0.271875 0.0640625
1 0.8828125 0.58515625 0.234375 0.04375