1 0.82890625 0.87734375 0.3421875 0.2453125
0 0.1421875 0.87734375 0.28359375 0.2421875
0 0.32265625 0.8796875 0.07734375 0.240625
1 0.3921875 0.8796875 0.0578125 0.2375
0 0.46640625 0.88046875 0.08359375 0.23828125
0 0.6 0.87578125 0.1078125 0.2484375
1 0.52734375 0.87734375 0.0359375 0.2390625
0 0.253125 0.59375 0.50625 0.209375
0 0.7953125 0.5609375 0.1859375 0.27734375
0 0.94609375 0.60703125 0.1078125 0.18828125
1 0.94609375 0.46796875 0.1078125 0.090625
1 0.61171875 0.44296875 0.18203125 0.0546875
0 0.6078125 0.58984375 0.1796875 0.2203125
0 0.5109375 0.59375 0.00859375 0.203125
1 0.3046875 0.4453125 0.078125 0.08046875
0 0.43359375 0.4453125 0.17265625 0.0765625
1 0.92265625 0.10546875 0.1546875 0.1671875
0 0.9234375 0.2828125 0.153125 0.17734375
0 0.734375 0.27421875 0.21875 0.19140625
0 0.571875 0.25546875 0.1015625 0.2109375
0 0.46640625 0.2109375 0.1109375 0.3078125
0 0.34140625 0.20390625 0.13359375 0.30625
0 0.040625 0.196875 0.08125 0.29921875
1 0.17890625 0.1765625 0.1890625 0.3484375
1 0.7359375 0.0921875 0.215625 0.1640625
1 0.5765625 0.075 0.0984375 0.14296875
1 0.4671875 0.028125 0.11484375 0.0515625
1 0.3421875 0.025 0.13203125 0.0484375
1 0.040625 0.021875 0.08125 0.04375
1 0.13359375 0.48203125 0.2671875 0.01328125