0 0.815625 0.09609375 0.36796875 0.1921875
0 0.4921875 0.0890625 0.2703125 0.178125
0 0.2890625 0.0984375 0.11875 0.1953125
0 0.140625 0.09765625 0.178125 0.1953125
0 0.02890625 0.1625 0.05625 0.09609375
0 0.81171875 0.30625 0.37578125 0.153125
0 0.34296875 0.303125 0.55546875 0.17265625
0 0.0140625 0.32734375 0.02734375 0.15546875
0 0.0203125 0.525 0.0390625 0.1640625
0 0.96875 0.5078125 0.059375 0.17265625
0 0.78125 0.509375 0.30546875 0.17109375
0 0.58828125 0.5125 0.084375 0.18125
0 0.52421875 0.475 0.05859375 0.09765625
0 0.46328125 0.521875 0.06875 0.18046875
0 0.25703125 0.521875 0.33984375 0.1703125
0 0.84140625 0.7171875 0.31640625 0.15390625
0 0.296875 0.7234375 0.3984375 0.15859375
0 0.028125 0.7203125 0.05546875 0.1515625
0 0.80703125 0.90859375 0.38359375 0.14921875
0 0.42890625 0.9125 0.1640625 0.14921875
0 0.2140625 0.90859375 0.1796875 0.14453125
0 0.0375 0.90234375 0.075 0.13984375
1 0.525 0.56640625 0.05078125 0.08359375
1 0.0625 0.52578125 0.0328125 0.16953125
1 0.5921875 0.725 0.1796875 0.16484375
1 0.0765625 0.721875 0.02890625 0.159375
1 0.10078125 0.90703125 0.04453125 0.15
1 0.3234375 0.9109375 0.03203125 0.14921875
1 0.5640625 0.9078125 0.096875 0.14765625
1 0.0265625 0.0578125 0.05234375 0.10625
1 0.0484375 0.32265625 0.03125 0.16484375