0 0.26875 0.1703125 0.2515625 0.08046875
0 0.35234375 0.1109375 0.078125 0.03671875
1 0.07265625 0.1515625 0.14140625 0.140625
1 0.22734375 0.096875 0.15625 0.0515625
1 0.3515625 0.07734375 0.08828125 0.0359375
1 0.58671875 0.13046875 0.37109375 0.14375
1 0.09921875 0.36171875 0.19765625 0.20546875
1 0.07734375 0.57890625 0.15390625 0.159375
1 0.60234375 0.8359375 0.13359375 0.1375
1 0.5859375 0.73671875 0.08515625 0.04765625
1 0.28203125 0.7484375 0.1546875 0.090625
1 0.0375 0.778125 0.0703125 0.17421875
0 0.30078125 0.3921875 0.1953125 0.1484375
0 0.4765625 0.35234375 0.1515625 0.20546875
0 0.62734375 0.34921875 0.140625 0.21484375
0 0.7671875 0.3453125 0.1421875 0.22734375
0 0.775 0.590625 0.1359375 0.165625
0 0.59375 0.59140625 0.21796875 0.1765625
0 0.40625 0.58828125 0.15390625 0.17421875
0 0.2421875 0.58828125 0.16328125 0.16953125
0 0.13203125 0.78515625 0.1125 0.1875
0 0.2734375 0.84375 0.1609375 0.08984375
0 0.4453125 0.803125 0.16640625 0.190625
0 0.10859375 0.95078125 0.2171875 0.0984375
0 0.75234375 0.81171875 0.16328125 0.19765625
0 0.65078125 0.740625 0.03828125 0.0515625
0 0.384375 0.96640625 0.128125 0.0671875
1 0.2671875 0.9640625 0.0953125 0.0671875
1 0.64375 0.96953125 0.38203125 0.06015625
1 0.80234375 0.16875 0.05078125 0.07109375
1 0.30078125 0.284375 0.19765625 0.06796875