0 0.96875 0.84921875 0.0625 0.2265625
1 0.9375 0.71796875 0.046875 0.0265625
1 0.92734375 0.68515625 0.03203125 0.02890625
0 0.9125 0.8359375 0.046875 0.165625
1 0.91484375 0.94375 0.05078125 0.04765625
1 0.90078125 0.71171875 0.02265625 0.0796875
0 0.859375 0.7828125 0.0578125 0.22265625
1 0.859375 0.93515625 0.0546875 0.07421875
0 0.75625 0.80390625 0.1421875 0.27265625
0 0.64921875 0.778125 0.06875 0.221875
1 0.65078125 0.91796875 0.0671875 0.0546875
0 0.578125 0.8015625 0.0640625 0.178125
1 0.58203125 0.92109375 0.06796875 0.05390625
1 0.52734375 0.8296875 0.04140625 0.23125
1 0.49453125 0.80390625 0.0171875 0.2734375
1 0.4578125 0.83046875 0.04921875 0.22421875
0 0.36015625 0.80546875 0.14140625 0.26796875
0 0.1453125 0.82578125 0.28671875 0.24609375
1 0.16640625 0.6828125 0.14375 0.03046875
0 0.2671875 0.68359375 0.05234375 0.02890625
0 0.2203125 0.51171875 0.43984375 0.20703125
0 0.52109375 0.51171875 0.159375 0.209375
0 0.66796875 0.496875 0.1265625 0.25
0 0.89140625 0.52421875 0.0953125 0.1953125
0 0.7859375 0.55234375 0.11015625 0.1296875
1 0.7875 0.43046875 0.11015625 0.11015625
1 0.89140625 0.40078125 0.0921875 0.0453125
1 0.95625 0.36875 0.02890625 0.11484375
1 0.91171875 0.34453125 0.05390625 0.05703125
1 0.0765625 0.38359375 0.06484375 0.046875
1 0.0234375 0.3703125 0.046875 0.03125
1 0.1421875 0.37265625 0.0609375 0.0296875
0 0.31015625 0.384375 0.26875 0.0453125
0 0.52421875 0.38984375 0.15859375 0.0453125
0 0.02265625 0.3953125 0.04453125 0.01875
0 0.1421875 0.3984375 0.06328125 0.02109375
0 0.05859375 0.68359375 0.0671875 0.03203125
1 0.0125 0.6828125 0.02421875 0.03046875
1 0.95390625 0.07578125 0.09140625 0.05859375
0 0.95390625 0.19140625 0.09140625 0.1625
0 0.89140625 0.20703125 0.03359375 0.115625
0 0.575 0.22890625 0.12578125 0.18515625
0 0.75546875 0.2328125 0.2359375 0.1890625
0 0.46328125 0.2390625 0.0921875 0.1515625
0 0.3671875 0.2359375 0.09375 0.1484375
0 0.27265625 0.2328125 0.09296875 0.15546875
0 0.1828125 0.215625 0.0859375 0.19609375
0 0.08671875 0.2140625 0.0984375 0.19609375
0 0.01953125 0.209375 0.03828125 0.18984375
1 0.4625 0.14609375 0.09375 0.03125
1 0.3671875 0.14140625 0.09140625 0.03203125
1 0.27265625 0.13828125 0.09296875 0.02734375
1 0.89140625 0.0515625 0.02734375 0.0984375
0 0.8078125 0.05 0.13984375 0.0953125
0 0.628125 0.04609375 0.21328125 0.0875
1 0.5078125 0.04296875 0.03359375 0.084375
0 0.45859375 0.0421875 0.06171875 0.0828125
0 0.209375 0.03515625 0.06875 0.06875
1 0.25234375 0.0390625 0.015625 0.0765625
0 0.3359375 0.0390625 0.146875 0.078125
1 0.41640625 0.0421875 0.0109375 0.084375
1 0.13359375 0.0359375 0.0859375 0.071875
0 0.05390625 0.03203125 0.0671875 0.0640625
0 0.00859375 0.034375 0.0171875 0.065625