0 0.99140625 0.83203125 0.0171875 0.3328125
0 0.83046875 0.7921875 0.17265625 0.415625
0 0.9515625 0.8328125 0.06171875 0.334375
0 0.94765625 0.63671875 0.0546875 0.05078125
1 0.9890625 0.59609375 0.02109375 0.15078125
1 0.9484375 0.5640625 0.05859375 0.090625
1 0.83046875 0.55 0.17265625 0.0625
0 0.70390625 0.784375 0.0703125 0.43125
1 0.70625 0.54375 0.075 0.05
0 0.625 0.91953125 0.08515625 0.16015625
1 0.6265625 0.678125 0.08203125 0.321875
1 0.5671875 0.6453125 0.0296875 0.26171875
0 0.478125 0.8890625 0.2046875 0.22109375
0 0.465625 0.70078125 0.1703125 0.15234375
1 0.46484375 0.5703125 0.16875 0.10625
0 0.0234375 0.7828125 0.04296875 0.434375
0 0.115625 0.78046875 0.14375 0.4390625
0 0.2828125 0.82734375 0.1875 0.3453125
1 0.2765625 0.56328125 0.16796875 0.1859375
1 0.3703125 0.58671875 0.01484375 0.1359375
1 0.09453125 0.515625 0.18828125 0.090625
0 0.88984375 0.27734375 0.2203125 0.35390625
0 0.696875 0.2765625 0.16015625 0.35234375
0 0.5625 0.30625 0.10703125 0.29921875
0 0.4765625 0.315625 0.06328125 0.2671875
0 0.40390625 0.25703125 0.084375 0.37265625
0 0.2546875 0.24609375 0.20625 0.315625
0 0.07578125 0.23828125 0.14609375 0.2484375
0 0.07109375 0.3859375 0.1390625 0.0515625