0 0.16953125 0.74375 0.3390625 0.51015625
0 0.475 0.7984375 0.1078125 0.35625
1 0.3796875 0.73359375 0.08125 0.5109375
1 0.47578125 0.5453125 0.10625 0.14296875
0 0.88125 0.7 0.23359375 0.47421875
0 0.67578125 0.70859375 0.0921875 0.4765625
0 0.74453125 0.734375 0.040625 0.42265625
1 0.74296875 0.49296875 0.04140625 0.0625
0 0.565625 0.81640625 0.07734375 0.30546875
0 0.60390625 0.6265625 0.059375 0.075
1 0.60234375 0.5296875 0.0546875 0.115625
1 0.55234375 0.56953125 0.0421875 0.18828125
0 0.61796875 0.81328125 0.02421875 0.29921875
0 0.15859375 0.25546875 0.1078125 0.35390625
0 0.26328125 0.2484375 0.09609375 0.3515625
0 0.39765625 0.2703125 0.16953125 0.28125
0 0.64609375 0.26796875 0.32265625 0.28125
0 0.90390625 0.2421875 0.19140625 0.32109375
1 0.64765625 0.10390625 0.3203125 0.05078125
1 0.4 0.103125 0.1734375 0.0515625
0 0.0421875 0.2515625 0.084375 0.35546875
1 0.09453125 0.25 0.01875 0.35859375