0 0.23828125 0.7765625 0.47578125 0.425
0 0.9390625 0.8625 0.121875 0.265625
1 0.97421875 0.646875 0.0515625 0.1625
0 0.91171875 0.6453125 0.06640625 0.1625
0 0.825 0.62109375 0.046875 0.17265625
0 0.796875 0.83828125 0.1625 0.2578125
0 0.8625 0.6359375 0.028125 0.140625
1 0.79453125 0.9828125 0.16484375 0.02578125
1 0.7578125 0.6171875 0.08515625 0.171875
0 0.6671875 0.75859375 0.0875 0.459375
0 0.5859375 0.79609375 0.0796875 0.39921875
0 0.5125 0.81015625 0.0640625 0.359375
1 0.58515625 0.5625 0.078125 0.06640625
1 0.5109375 0.57734375 0.0625 0.1046875
0 0.36171875 0.53984375 0.23203125 0.0453125
0 0.20390625 0.534375 0.07578125 0.04765625
1 0.13125 0.5359375 0.065625 0.05
0 0.0609375 0.5359375 0.06796875 0.05625
1 0.0125 0.53359375 0.025 0.0578125
0 0.97578125 0.378125 0.0484375 0.278125
1 0.9765625 0.20546875 0.04609375 0.06328125
0 0.92890625 0.3109375 0.0453125 0.275
0 0.875 0.29609375 0.05703125 0.26328125
0 0.76484375 0.31640625 0.159375 0.31328125
1 0.9296875 0.48125 0.04296875 0.0625
1 0.878125 0.47421875 0.0578125 0.08046875
0 0.6453125 0.28203125 0.075 0.2578125
1 0.64609375 0.4390625 0.08046875 0.05625
0 0.5671875 0.27421875 0.07734375 0.25078125
1 0.5671875 0.43515625 0.0765625 0.0609375
1 0.5046875 0.3328125 0.04375 0.2625
1 0.46875 0.3015625 0.021875 0.31953125
1 0.42890625 0.32890625 0.05 0.2578125
0 0.31953125 0.296875 0.16484375 0.32265625
0 0.1859375 0.28984375 0.0953125 0.3203125
0 0.06875 0.3078125 0.1375 0.278125
1 0.0671875 0.1453125 0.134375 0.04375
0 0.88046875 0.05703125 0.2390625 0.1109375
0 0.68125 0.0484375 0.15546875 0.09609375
0 0.53515625 0.04140625 0.1359375 0.08203125
0 0.43359375 0.0296875 0.06640625 0.05859375
1 0.43203125 0.0703125 0.065625 0.01484375
0 0.31953125 0.0375 0.15390625 0.0703125
0 0.19765625 0.034375 0.0890625 0.06796875
0 0.0765625 0.03359375 0.15234375 0.06640625