0 0.9453125 0.9171875 0.109375 0.16484375
0 0.83515625 0.93203125 0.1046875 0.1359375
1 0.8359375 0.84609375 0.1046875 0.0421875
1 0.75703125 0.9078125 0.04921875 0.18359375
0 0.65390625 0.90234375 0.1484375 0.1953125
0 0.49296875 0.89375 0.16640625 0.203125
1 0.36953125 0.88671875 0.07265625 0.2109375
0 0.27109375 0.87734375 0.1171875 0.21171875
1 0.15390625 0.8625 0.11171875 0.209375
1 0.07734375 0.8578125 0.0359375 0.21640625
0 0.02890625 0.84765625 0.0578125 0.2265625
0 0.96953125 0.5296875 0.0609375 0.175
0 0.9625 0.690625 0.075 0.18125
0 0.87890625 0.50703125 0.11640625 0.1578125
0 0.8734375 0.678125 0.103125 0.178125
0 0.78125 0.615625 0.07421875 0.3
1 0.78046875 0.43828125 0.078125 0.0515625
1 0.70390625 0.57265625 0.07421875 0.35
0 0.53359375 0.5921875 0.0875 0.28125
0 0.621875 0.584375 0.0828125 0.26328125
1 0.6203125 0.73125 0.0890625 0.02890625
1 0.6203125 0.41875 0.08515625 0.059375
1 0.53359375 0.409375 0.0828125 0.07421875
0 0.4421875 0.57890625 0.0890625 0.2890625
0 0.35390625 0.56171875 0.0859375 0.3015625
0 0.05390625 0.540625 0.1078125 0.29140625
0 0.16171875 0.5453125 0.10859375 0.30390625
0 0.26328125 0.5484375 0.090625 0.27265625
1 0.26328125 0.696875 0.09140625 0.01953125
1 0.4453125 0.396875 0.09296875 0.06640625
1 0.353125 0.3765625 0.0859375 0.06015625
1 0.2640625 0.36796875 0.08984375 0.07734375
1 0.1625 0.35625 0.10546875 0.06953125
1 0.07109375 0.34296875 0.071875 0.0921875
1 0.015625 0.38046875 0.03046875 0.02421875
0 0.9875 0.2921875 0.025 0.221875
0 0.7984375 0.2171875 0.09765625 0.303125
0 0.91171875 0.140625 0.12265625 0.15234375
0 0.90078125 0.25859375 0.0984375 0.07890625
0 0.89765625 0.33984375 0.1015625 0.0796875
1 0.96328125 0.30390625 0.02421875 0.16953125
1 0.9875 0.09609375 0.021875 0.1640625
1 0.86171875 0.03125 0.22578125 0.0578125
0 0.6875 0.278125 0.12734375 0.128125
1 0.68515625 0.10625 0.1234375 0.20859375
0 0.05 0.1203125 0.1 0.23671875
0 0.14609375 0.1265625 0.09296875 0.25234375
0 0.24375 0.1359375 0.09453125 0.27109375
0 0.34375 0.14375 0.10078125 0.2875
0 0.44609375 0.153125 0.09921875 0.30625
0 0.55078125 0.0859375 0.103125 0.17109375
0 0.5453125 0.2484375 0.09375 0.14375
1 0.6078125 0.253125 0.02890625 0.153125
1 0.61484375 0.08515625 0.01953125 0.1703125