0 0.915625 0.7921875 0.16875 0.3125
0 0.759375 0.80078125 0.14140625 0.32109375
0 0.63359375 0.8046875 0.1015625 0.328125
0 0.540625 0.80859375 0.08515625 0.3328125
0 0.44453125 0.80390625 0.10546875 0.31953125
1 0.446875 0.9765625 0.1046875 0.01953125
0 0.34140625 0.83046875 0.09609375 0.32265625
0 0.17890625 0.825 0.228125 0.35
1 0.34296875 0.6546875 0.09296875 0.01796875
0 0.0203125 0.821875 0.040625 0.35
1 0.05234375 0.82265625 0.0171875 0.35390625
0 0.89765625 0.421875 0.20390625 0.28359375
0 0.57734375 0.41484375 0.4296875 0.3046875
1 0.896875 0.25 0.20390625 0.0484375
1 0.73671875 0.2375 0.1109375 0.0453125
0 0.46171875 0.23125 0.1984375 0.05234375
0 0.63125 0.23515625 0.09375 0.04453125
1 0.57109375 0.234375 0.02109375 0.0515625
0 0.24140625 0.34375 0.23828125 0.3078125
1 0.23984375 0.5328125 0.2390625 0.06171875
1 0.08984375 0.375 0.0578125 0.38359375
0 0.02890625 0.37109375 0.0578125 0.2859375
1 0.02890625 0.540625 0.0578125 0.04375
1 0.0296875 0.20390625 0.059375 0.04375
0 0.88671875 0.07421875 0.2265625 0.14453125
0 0.7015625 0.065625 0.1375 0.13125
0 0.54765625 0.05390625 0.1234375 0.1078125
1 0.62265625 0.0640625 0.02265625 0.128125
1 0.55078125 0.1171875 0.11875 0.0140625
1 0.428125 0.05703125 0.1171875 0.11171875
0 0.27421875 0.05234375 0.18828125 0.1046875
1 0.16015625 0.04921875 0.03359375 0.0984375
0 0.06953125 0.04609375 0.1390625 0.0921875