0 0.87421875 0.66640625 0.11953125 0.2109375
1 0.96875 0.66953125 0.0625 0.2109375
0 0.940625 0.853125 0.11875 0.153125
0 0.85390625 0.828125 0.05703125 0.10234375
1 0.8546875 0.9046875 0.05625 0.04296875
1 0.7734375 0.66328125 0.07421875 0.22265625
1 0.81953125 0.85234375 0.009375 0.15078125
1 0.77265625 0.85078125 0.07421875 0.14765625
1 0.70390625 0.73828125 0.059375 0.3765625
0 0.60234375 0.77109375 0.13984375 0.3015625
0 0.59921875 0.58125 0.1390625 0.07421875
1 0.5171875 0.61171875 0.0265625 0.1421875
1 0.4234375 0.60703125 0.06328125 0.1453125
1 0.309375 0.67265625 0.16328125 0.12265625
0 0.30703125 0.83203125 0.1671875 0.18515625
0 0.41796875 0.803125 0.05078125 0.240625
0 0.13984375 0.7625 0.165625 0.3125
0 0.02734375 0.75859375 0.0546875 0.3078125
0 0.11640625 0.42421875 0.2328125 0.2359375
0 0.3140625 0.43359375 0.15390625 0.2359375
0 0.9828125 0.36640625 0.034375 0.275
1 0.95390625 0.36484375 0.02109375 0.2671875
0 0.8859375 0.3625 0.1078125 0.27109375
0 0.7609375 0.384375 0.1359375 0.2203125
0 0.6078125 0.378125 0.16796875 0.22421875
1 0.76328125 0.24296875 0.1328125 0.05625
1 0.61015625 0.2328125 0.17109375 0.05859375
1 0.4375 0.228125 0.06796875 0.07109375
0 0.95625 0.08828125 0.0875 0.1765625
0 0.83203125 0.08359375 0.1578125 0.16640625
0 0.6421875 0.078125 0.21953125 0.1546875
0 0.109375 0.121875 0.21328125 0.24296875
0 0.30703125 0.1265625 0.184375 0.25234375
0 0.44453125 0.06796875 0.08671875 0.13125
0 0.5109375 0.80078125 0.040625 0.23125