0 0.0671875 0.04140625 0.13359375 0.08125
0 0.790625 0.02421875 0.41796875 0.0484375
0 0.40078125 0.0296875 0.190625 0.05703125
0 0.21953125 0.0359375 0.16875 0.071875
0 0.7828125 0.190625 0.434375 0.17578125
0 0.27109375 0.19609375 0.13984375 0.1921875
0 0.09921875 0.20078125 0.19609375 0.17265625
0 0.43359375 0.18359375 0.17109375 0.178125
0 0.10078125 0.39140625 0.19765625 0.14921875
0 0.28046875 0.39296875 0.153125 0.1625
0 0.4421875 0.3875 0.16171875 0.1703125
0 0.7921875 0.3953125 0.415625 0.17421875
0 0.896875 0.578125 0.175 0.15390625
0 0.6859375 0.58203125 0.17109375 0.14921875
0 0.44609375 0.5828125 0.1640625 0.15234375
0 0.2828125 0.5765625 0.15625 0.14609375
0 0.1 0.575 0.19921875 0.14765625
0 0.6796875 0.7453125 0.16328125 0.13828125
0 0.453125 0.74921875 0.15078125 0.15078125
0 0.278125 0.7421875 0.1875 0.13828125
0 0.0921875 0.728125 0.18359375 0.1359375
0 0.1078125 0.8828125 0.215625 0.146875
0 0.30703125 0.89609375 0.18515625 0.1390625
0 0.478125 0.90859375 0.14609375 0.12578125
1 0.53828125 0.025 0.071875 0.05
1 0.54140625 0.1875 0.04296875 0.18984375
1 0.55703125 0.3953125 0.04765625 0.1671875
1 0.5625 0.57734375 0.05234375 0.1546875
1 0.78984375 0.5828125 0.03515625 0.15
1 0.8828125 0.74921875 0.234375 0.1390625
1 0.5625 0.74609375 0.05234375 0.13203125
1 0.7765625 0.9125 0.446875 0.1484375