0 0.04375 0.0453125 0.0875 0.0875
1 0.17265625 0.05546875 0.1625 0.10625
0 0.94296875 0.8546875 0.1125 0.28984375
1 0.9421875 0.634375 0.11484375 0.14375
0 0.72265625 0.7859375 0.3203125 0.428125
0 0.4234375 0.7921875 0.290625 0.415625
1 0.22890625 0.796875 0.1015625 0.40625
0 0.1515625 0.83125 0.05078125 0.334375
0 0.06328125 0.859375 0.1265625 0.275
1 0.0625 0.66015625 0.12421875 0.1265625
1 0.14921875 0.62890625 0.05390625 0.0734375
0 0.915625 0.34453125 0.16875 0.3171875
0 0.7796875 0.34765625 0.1015625 0.3265625
1 0.63515625 0.35 0.0171875 0.32734375
0 0.496875 0.3515625 0.25703125 0.33671875
1 0.3265625 0.3546875 0.08828125 0.33671875
0 0.1734375 0.4 0.20625 0.259375
0 0.0109375 0.44609375 0.021875 0.1734375
1 0.04453125 0.36015625 0.0421875 0.34453125
1 0.17578125 0.22890625 0.2125 0.08203125
1 0.0109375 0.275 0.01875 0.1703125
0 0.59375 0.04453125 0.09453125 0.08828125
0 0.77890625 0.03515625 0.21953125 0.06875
0 0.94609375 0.0609375 0.1078125 0.11640625
1 0.78125 0.09609375 0.22421875 0.04375
1 0.65546875 0.0546875 0.025 0.1046875
1 0.59609375 0.1046875 0.10078125 0.02890625
1 0.4390625 0.0578125 0.21171875 0.11484375
0 0.29296875 0.0546875 0.071875 0.10859375
1 0.0453125 0.1046875 0.090625 0.01796875