0 0.86484375 0.2484375 0.2703125 0.40234375
0 0.65859375 0.24921875 0.0890625 0.35625
1 0.7171875 0.2375 0.02265625 0.40234375
0 0.525 0.25859375 0.1796875 0.3375
1 0.52265625 0.05546875 0.17578125 0.0625
1 0.65859375 0.04921875 0.090625 0.03515625
1 0.3953125 0.040625 0.07734375 0.05390625
1 0.365625 0.24296875 0.08671875 0.3453125
1 0.421875 0.25625 0.02421875 0.32734375
1 0.7390625 0.95078125 0.246875 0.0984375
0 0.93125 0.95546875 0.13671875 0.0890625
0 0.52421875 0.94609375 0.1765625 0.1078125
0 0.415625 0.9734375 0.0296875 0.053125
0 0.12421875 0.87109375 0.2484375 0.2578125
1 0.34296875 0.6765625 0.05 0.284375
0 0.95 0.7 0.1 0.3
0 0.75 0.6515625 0.20234375 0.328125
0 0.521875 0.6375 0.165625 0.31796875
1 0.628125 0.66171875 0.04375 0.3515625
1 0.3546875 0.97265625 0.09609375 0.0546875
0 0.13671875 0.23203125 0.27109375 0.253125
1 0.10234375 0.0515625 0.2046875 0.1
1 0.28125 0.053125 0.0328125 0.09296875
1 0.2375 0.01953125 0.0578125 0.03046875
0 0.4015625 0.68125 0.065625 0.28671875
1 0.5234375 0.81796875 0.16640625 0.0296875
0 0.875 0.7546875 0.04375 0.178125
1 0.95078125 0.52265625 0.0984375 0.0453125
1 0.8765625 0.5796875 0.0421875 0.16875
0 0.1296875 0.55703125 0.259375 0.2640625