0 0.86171875 0.9203125 0.0890625 0.159375
1 0.95546875 0.91953125 0.08828125 0.16015625
1 0.8640625 0.79765625 0.09609375 0.0796875
1 0.93203125 0.79921875 0.0359375 0.07578125
1 0.97578125 0.81796875 0.04765625 0.03515625
0 0.43515625 0.80859375 0.215625 0.13203125
1 0.559375 0.8109375 0.0265625 0.12734375
0 0.68515625 0.815625 0.22109375 0.13046875
1 0.80703125 0.87578125 0.01953125 0.2453125
1 0.30703125 0.80234375 0.0359375 0.12578125
0 0.40390625 0.934375 0.2359375 0.13125
0 0.553125 0.9390625 0.0640625 0.12109375
0 0.65859375 0.9421875 0.14296875 0.115625
0 0.76328125 0.93203125 0.06171875 0.0953125
1 0.76328125 0.98984375 0.06484375 0.01953125
0 0.91015625 0.60390625 0.1796875 0.19140625
1 0.70703125 0.596875 0.2265625 0.2
0 0.5046875 0.58671875 0.1703125 0.20390625
1 0.3421875 0.61015625 0.09140625 0.1390625
0 0.403125 0.609375 0.02890625 0.14296875
0 0.9328125 0.32421875 0.134375 0.27265625
0 0.840625 0.371875 0.05 0.159375
1 0.93359375 0.15 0.1328125 0.0671875
1 0.85 0.20234375 0.0296875 0.17890625
0 0.72109375 0.27265625 0.1890625 0.34375
0 0.82421875 0.1671875 0.01953125 0.1140625
1 0.82578125 0.25859375 0.01640625 0.05703125
1 0.60546875 0.2671875 0.04140625 0.34375
0 0.5125 0.259375 0.1359375 0.353125
0 0.39921875 0.28046875 0.08671875 0.290625
1 0.32734375 0.27890625 0.05234375 0.284375
0 0.428125 0.10703125 0.02578125 0.053125
0 0.96328125 0.03515625 0.0734375 0.0703125
1 0.921875 0.034375 0.01484375 0.0640625
0 0.8078125 0.03046875 0.2046875 0.059375
1 0.68671875 0.025 0.03203125 0.0484375
0 0.63203125 0.02265625 0.06875 0.04453125
0 0.49453125 0.0171875 0.1640625 0.03359375
1 0.5859375 0.021875 0.0171875 0.04296875
1 0.3984375 0.0140625 0.02734375 0.02734375
0 0.34296875 0.0125 0.07890625 0.02421875
0 0.04609375 0.79140625 0.090625 0.290625
0 0.1875 0.79765625 0.0953125 0.2875
1 0.11796875 0.79453125 0.04375 0.28359375
0 0.19140625 0.47421875 0.09765625 0.25078125
0 0.06953125 0.46796875 0.1390625 0.2453125
0 0.18046875 0.1578125 0.13203125 0.2703125
0 0.04453125 0.15 0.08515625 0.26796875
0 0.1 0.09375 0.0265625 0.16015625
1 0.1 0.23515625 0.0234375 0.1125