0 0.8265625 0.83984375 0.346875 0.3203125
0 0.2828125 0.80625 0.225 0.3875
0 0.0484375 0.81640625 0.096875 0.3640625
0 0.1328125 0.7859375 0.06796875 0.3
1 0.525 0.77890625 0.2546875 0.4421875
1 0.828125 0.61953125 0.34375 0.11953125
1 0.28359375 0.58046875 0.228125 0.0578125
1 0.08359375 0.5875 0.16640625 0.08671875
1 0.134375 0.96953125 0.071875 0.0609375
0 0.925 0.35625 0.15 0.30546875
0 0.73984375 0.3546875 0.21953125 0.30234375
1 0.61015625 0.34375 0.04296875 0.31171875
0 0.48046875 0.38359375 0.20859375 0.234375
0 0.28125 0.33515625 0.11015625 0.309375
1 0.35703125 0.37734375 0.0359375 0.2296875
0 0.02734375 0.36953125 0.05390625 0.22890625
0 0.0921875 0.36953125 0.06953125 0.22890625
0 0.17578125 0.33359375 0.1015625 0.315625
1 0.0609375 0.21015625 0.121875 0.084375
1 0.46484375 0.22578125 0.2484375 0.07265625
0 0.8625 0.04765625 0.275 0.09453125
0 0.646875 0.04140625 0.15 0.0828125
1 0.55703125 0.0390625 0.03125 0.07265625
0 0.46484375 0.03359375 0.146875 0.0671875
1 0.3 0.03046875 0.1859375 0.0609375
0 0.10078125 0.02734375 0.2015625 0.0546875