0 0.14453125 0.69453125 0.2890625 0.5359375
0 0.36875 0.69453125 0.15 0.54296875
0 0.5125 0.72578125 0.134375 0.48984375
0 0.790625 0.7234375 0.41875 0.503125
1 0.72890625 0.4359375 0.29296875 0.0765625
1 0.51328125 0.434375 0.1328125 0.09375
1 0.36953125 0.4 0.1578125 0.03984375
1 0.14609375 0.39609375 0.2921875 0.053125
0 0.1515625 0.159375 0.30234375 0.3140625
0 0.38203125 0.1578125 0.1578125 0.31484375
0 0.5140625 0.16640625 0.1046875 0.328125
0 0.58984375 0.14609375 0.046875 0.290625
0 0.7015625 0.17109375 0.1734375 0.34140625
0 0.8546875 0.15703125 0.1265625 0.31328125
0 0.96015625 0.1796875 0.0796875 0.35859375
1 0.85234375 0.3328125 0.128125 0.0390625
1 0.5890625 0.3140625 0.04453125 0.0453125