1 0.21875 0.246875 0.11953125 0.48125
1 0.0796875 0.08125 0.15546875 0.14609375
0 0.07734375 0.31953125 0.1546875 0.3265625
0 0.4328125 0.321875 0.29296875 0.33203125
0 0.68671875 0.36484375 0.2109375 0.23203125
0 0.8375 0.12734375 0.32421875 0.23984375
0 0.9 0.4796875 0.2 0.46796875
0 0.90234375 0.86171875 0.19453125 0.2625
0 0.6796875 0.8 0.23515625 0.29921875
0 0.40625 0.77265625 0.30390625 0.35
0 0.1296875 0.74296875 0.2546875 0.42421875
1 0.53359375 0.55859375 0.53125 0.06640625
1 0.68359375 0.62578125 0.23671875 0.06015625
1 0.47265625 0.07890625 0.39609375 0.15703125
1 0.62890625 0.20625 0.0984375 0.08203125