1 0.98203125 0.75 0.03046875 0.34609375
0 0.90703125 0.7484375 0.1171875 0.346875
0 0.7921875 0.6890625 0.10234375 0.23125
1 0.7953125 0.865625 0.09921875 0.11328125
0 0.671875 0.74609375 0.13984375 0.34921875
0 0.3859375 0.73515625 0.0859375 0.3640625
0 0.58046875 0.67578125 0.04296875 0.2234375
1 0.58046875 0.8515625 0.04296875 0.11796875
0 0.175 0.73515625 0.34375 0.3640625
1 0.93671875 0.0859375 0.1265625 0.17109375
0 0.978125 0.35703125 0.04375 0.25625
1 0.97734375 0.5 0.04453125 0.0296875
0 0.9203125 0.36875 0.0703125 0.2859375
0 0.825 0.3671875 0.11484375 0.3015625
1 0.73671875 0.36171875 0.06640625 0.296875
0 0.65 0.3578125 0.1015625 0.3046875
0 0.51640625 0.353125 0.15703125 0.3078125
0 0.3953125 0.33359375 0.0890625 0.271875
1 0.39453125 0.48515625 0.08671875 0.03515625
0 0.07421875 0.31328125 0.146875 0.33203125
0 0.24765625 0.32109375 0.19609375 0.34765625
1 0.071875 0.12265625 0.14296875 0.0375
1 0.19609375 0.1265625 0.0984375 0.0296875
1 0.3203125 0.12734375 0.05625 0.0328125
0 0.26640625 0.12421875 0.0421875 0.040625
0 0.740625 0.08125 0.2625 0.15859375
0 0.4359375 0.07421875 0.175 0.14453125
0 0.565625 0.0765625 0.0828125 0.14921875
0 0.2296875 0.0296875 0.22265625 0.05546875
0 0.05859375 0.0265625 0.1171875 0.05234375
0 0.45859375 0.69765625 0.05703125 0.284375
0 0.52109375 0.72109375 0.06796875 0.30234375
1 0.45625 0.87421875 0.05703125 0.06640625
1 0.52109375 0.8984375 0.071875 0.04375