1 0.93984375 0.92890625 0.11640625 0.1421875
0 0.08671875 0.825 0.16953125 0.35
0 0.80625 0.6515625 0.38515625 0.2875
1 0.52265625 0.64140625 0.1765625 0.28515625
0 0.375 0.63671875 0.12109375 0.28828125
1 0.27890625 0.69375 0.06640625 0.13828125
1 0.0859375 0.634375 0.17109375 0.02109375
0 0.20546875 0.8078125 0.0671875 0.384375
0 0.27734375 0.88046875 0.0734375 0.2375
0 0.59765625 0.9234375 0.5640625 0.153125
0 0.4140625 0.28515625 0.19765625 0.3125
0 0.65078125 0.28984375 0.271875 0.3171875
0 0.89375 0.2953125 0.21171875 0.315625
1 0.2828125 0.29609375 0.0609375 0.11875
1 0.41328125 0.0984375 0.22734375 0.05703125
1 0.6546875 0.103125 0.25546875 0.0484375
1 0.89140625 0.11171875 0.2171875 0.0453125
1 0.29375 0.1984375 0.0421875 0.07109375
1 0.29453125 0.14453125 0.0390625 0.034375
1 0.08515625 0.1625 0.1703125 0.2078125
1 0.203125 0.08671875 0.06015625 0.04609375
1 0.23984375 0.14375 0.03125 0.04296875
1 0.21796875 0.1328125 0.0171875 0.0421875
0 0.09296875 0.4171875 0.18515625 0.28984375
0 0.21875 0.41953125 0.059375 0.2859375
0 0.28046875 0.46015625 0.0609375 0.20390625
1 0.178125 0.20625 0.01640625 0.13671875