1 0.73046875 0.88984375 0.1015625 0.21796875
0 0.89140625 0.89140625 0.2171875 0.2171875
0 0.5046875 0.88671875 0.34921875 0.2265625
0 0.1578125 0.8421875 0.315625 0.3125
0 0.32109375 0.88515625 0.0140625 0.2296875
0 0.45234375 0.5875 0.2640625 0.24609375
0 0.71640625 0.61640625 0.259375 0.20703125
1 0.92421875 0.60703125 0.1515625 0.23828125
1 0.71796875 0.48984375 0.2609375 0.0359375
0 0.0453125 0.47578125 0.08984375 0.3046875
0 0.20625 0.503125 0.22734375 0.2546875
1 0.1515625 0.30859375 0.11484375 0.13828125
1 0.3 0.31015625 0.07109375 0.12265625
0 0.32578125 0.45 0.0078125 0.15546875
1 0.046875 0.2765625 0.08984375 0.0890625
1 0.51875 0.2796875 0.17109375 0.27421875
0 0.38203125 0.265625 0.10234375 0.28359375
0 0.70234375 0.28515625 0.19375 0.26953125
0 0.90078125 0.29375 0.1984375 0.26875
0 0.9296875 0.05546875 0.13984375 0.11015625
0 0.775 0.04921875 0.1703125 0.09765625
0 0.5984375 0.04453125 0.178125 0.08671875
0 0.41484375 0.03671875 0.1859375 0.0734375
0 0.23515625 0.31796875 0.05625 0.15703125
0 0.1109375 0.09296875 0.221875 0.1828125
0 0.24375 0.09375 0.04453125 0.1875
0 0.2921875 0.0984375 0.05390625 0.196875