0 0.0546875 0.75546875 0.10625 0.4109375
0 0.19453125 0.7296875 0.16796875 0.359375
1 0.1921875 0.93046875 0.16953125 0.0421875
0 0.3609375 0.753125 0.171875 0.39375
0 0.54765625 0.7390625 0.20625 0.365625
0 0.75546875 0.75 0.20703125 0.38203125
0 0.93046875 0.72890625 0.13828125 0.33515625
1 0.8984375 0.91875 0.08046875 0.03984375
1 0.55234375 0.9359375 0.20546875 0.02109375
0 0.17421875 0.29609375 0.3484375 0.39453125
0 0.5078125 0.35078125 0.31796875 0.30625
0 0.778125 0.384375 0.21796875 0.24296875
0 0.94453125 0.3234375 0.1109375 0.3828125
1 0.778125 0.19375 0.21796875 0.12890625
1 0.61171875 0.16171875 0.11484375 0.071875
1 0.3875 0.15234375 0.0765625 0.08125
1 0.48984375 0.1765625 0.12578125 0.03359375
1 0.0578125 0.08515625 0.115625 0.0265625
0 0.96484375 0.10234375 0.06953125 0.046875
0 0.8453125 0.0359375 0.309375 0.071875
0 0.54765625 0.028125 0.26796875 0.0546875
1 0.34921875 0.02109375 0.12265625 0.040625
0 0.18671875 0.015625 0.19921875 0.0265625
1 0.0421875 0.00859375 0.084375 0.0171875
0 0.96953125 0.92109375 0.0609375 0.04140625