0 0.9390625 0.0640625 0.121875 0.12734375
0 0.8203125 0.0640625 0.115625 0.128125
0 0.65859375 0.06640625 0.20703125 0.13125
0 0.25390625 0.078125 0.1984375 0.15546875
0 0.07578125 0.0859375 0.14765625 0.16171875
0 0.89140625 0.24453125 0.2171875 0.1734375
0 0.6703125 0.25078125 0.22109375 0.1671875
0 0.4203125 0.259375 0.16171875 0.15703125
0 0.25859375 0.26328125 0.16015625 0.15390625
0 0.0859375 0.27265625 0.16796875 0.1453125
0 0.96484375 0.45390625 0.0703125 0.1828125
0 0.74921875 0.4578125 0.3671875 0.18125
0 0.440625 0.4625 0.1734375 0.171875
0 0.27421875 0.4625 0.14765625 0.1796875
0 0.1 0.46328125 0.19375 0.1625
0 0.1015625 0.6546875 0.1984375 0.14609375
0 0.79375 0.6609375 0.4125 0.15859375
0 0.4453125 0.6609375 0.1609375 0.16171875
0 0.2796875 0.65859375 0.15234375 0.153125
0 0.02734375 0.825 0.05078125 0.1390625
0 0.8953125 0.84609375 0.17890625 0.14453125
0 0.6828125 0.846875 0.17578125 0.146875
0 0.4453125 0.84140625 0.17109375 0.146875
0 0.1296875 0.82578125 0.1265625 0.15546875
0 0.2765625 0.840625 0.1609375 0.1515625
0 0.08828125 0.96171875 0.17578125 0.0765625
0 0.2640625 0.9625 0.20390625 0.07265625
0 0.4484375 0.97109375 0.15234375 0.0546875
0 0.66875 0.97265625 0.16875 0.046875
1 0.45234375 0.07265625 0.196875 0.140625
1 0.5296875 0.25546875 0.0515625 0.16875
1 0.5421875 0.45703125 0.0328125 0.18828125
1 0.553125 0.6609375 0.05234375 0.1625
1 0.56640625 0.84453125 0.05546875 0.15390625
1 0.559375 0.9703125 0.059375 0.059375
1 0.87734375 0.9734375 0.2390625 0.05234375
1 0.78671875 0.84453125 0.03203125 0.146875