0 0.20546875 0.18828125 0.4109375 0.3765625
0 0.6 0.20078125 0.3109375 0.378125
0 0.8453125 0.20546875 0.1734375 0.38671875
0 0.96875 0.26171875 0.0625 0.28046875
0 0.084375 0.7671875 0.16328125 0.45390625
0 0.4328125 0.7078125 0.13671875 0.54375
0 0.5796875 0.66015625 0.1296875 0.475
0 0.72421875 0.76015625 0.12265625 0.43203125
0 0.89609375 0.7265625 0.2078125 0.5125
1 0.08828125 0.4765625 0.1765625 0.1234375
1 0.96953125 0.06328125 0.0609375 0.12578125
1 0.584375 0.9453125 0.14453125 0.075
1 0.696875 0.4796875 0.084375 0.103125
1 0.26484375 0.76640625 0.19140625 0.44453125
1 0.2703125 0.47890625 0.17734375 0.1359375