0 0.446875 0.15546875 0.22109375 0.31015625
0 0.903125 0.175 0.19375 0.334375
0 0.15234375 0.13515625 0.26015625 0.2703125
0 0.0578125 0.7234375 0.115625 0.484375
0 0.24765625 0.71328125 0.26953125 0.5265625
0 0.47265625 0.71328125 0.178125 0.5296875
0 0.63203125 0.67265625 0.1328125 0.45234375
0 0.8515625 0.73203125 0.296875 0.5171875
1 0.00859375 0.14765625 0.0171875 0.2953125
1 0.309375 0.15234375 0.04609375 0.3046875
1 0.6828125 0.165625 0.246875 0.33046875
1 0.05625 0.40859375 0.109375 0.13984375
1 0.3734375 0.3984375 0.5140625 0.090625
1 0.8171875 0.41015625 0.36484375 0.06015625
1 0.8515625 0.459375 0.296875 0.02734375
1 0.6296875 0.946875 0.134375 0.078125