0 0.096875 0.32265625 0.18984375 0.3234375
0 0.390625 0.28828125 0.3921875 0.42265625
0 0.67734375 0.3796875 0.09609375 0.2625
0 0.97890625 0.34140625 0.04140625 0.359375
1 0.84296875 0.28984375 0.228125 0.45703125
1 0.65859375 0.15078125 0.13515625 0.18515625
1 0.6078125 0.37890625 0.040625 0.2640625
1 0.0953125 0.10234375 0.190625 0.1078125
1 0.38984375 0.065625 0.3953125 0.0203125
0 0.146875 0.75546875 0.28671875 0.43359375
0 0.3359375 0.75390625 0.08671875 0.4046875
0 0.43515625 0.75234375 0.10625 0.3921875
0 0.63046875 0.79375 0.28046875 0.40078125
0 0.8125 0.78671875 0.078125 0.3703125
0 0.9265625 0.75703125 0.14375 0.3515625
1 0.92734375 0.96484375 0.1453125 0.0640625
1 0.81015625 0.9859375 0.0828125 0.02578125
1 0.43515625 0.971875 0.10625 0.0375
1 0.3359375 0.971875 0.090625 0.01953125
1 0.97890625 0.1109375 0.0421875 0.10390625
1 0.55625 0.575 0.12890625 0.02890625
1 0.69609375 0.57734375 0.14453125 0.0296875
1 0.81171875 0.58515625 0.078125 0.0265625