0 0.25234375 0.24375 0.50078125 0.41171875
0 0.58046875 0.29375 0.1484375 0.3375
0 0.88828125 0.26640625 0.20546875 0.42421875
0 0.05859375 0.7359375 0.11328125 0.47734375
0 0.41640625 0.71953125 0.1078125 0.409375
0 0.5421875 0.74296875 0.12421875 0.45234375
0 0.63515625 0.81796875 0.0515625 0.30234375
0 0.8 0.61953125 0.39609375 0.11953125
0 0.82578125 0.83125 0.3421875 0.28046875
1 0.58203125 0.06875 0.14609375 0.10078125
1 0.715625 0.23359375 0.1109375 0.43515625
1 0.33046875 0.6921875 0.04453125 0.3984375
1 0.3296875 0.93515625 0.0484375 0.08046875
1 0.41015625 0.94765625 0.10859375 0.04375
0 0.21015625 0.7015625 0.175 0.4125
1 0.21484375 0.94296875 0.18125 0.06484375
1 0.80078125 0.5359375 0.38828125 0.03671875