1 0.94609375 0.36953125 0.1078125 0.4265625
1 0.82578125 0.53984375 0.1265625 0.07890625
1 0.8 0.80625 0.16875 0.3859375
1 0.91015625 0.9265625 0.0453125 0.146875
1 0.95 0.965625 0.02265625 0.06875
1 0.984375 0.98125 0.03125 0.0375
1 0.18828125 0.94140625 0.10234375 0.07421875
1 0.00703125 0.9203125 0.01328125 0.0796875
1 0.36328125 0.5234375 0.10625 0.046875
1 0.72734375 0.54140625 0.0734375 0.03671875
0 0.16640625 0.0234375 0.32890625 0.04609375
0 0.4203125 0.0265625 0.17578125 0.05234375
1 0.5375 0.03515625 0.0515625 0.059375
0 0.6125 0.03671875 0.08984375 0.071875
1 0.7703125 0.0453125 0.22265625 0.0859375
0 0.94296875 0.04921875 0.1140625 0.09453125
0 0.15390625 0.32578125 0.3078125 0.38828125
0 0.36484375 0.3171875 0.10546875 0.36171875
0 0.55546875 0.35234375 0.265625 0.4046875
0 0.72734375 0.3390625 0.07109375 0.3609375
0 0.82734375 0.33046875 0.1265625 0.3359375
0 0.00859375 0.7171875 0.01640625 0.32265625
0 0.07734375 0.765625 0.11328125 0.41328125
0 0.1890625 0.73359375 0.1046875 0.3421875
0 0.47890625 0.7828125 0.4703125 0.42890625
0 0.94375 0.7328125 0.1125 0.234375
0 0.9671875 0.8921875 0.065625 0.075
0 0.9828125 0.94296875 0.03359375 0.025
1 0.20859375 0.10078125 0.4046875 0.05546875