0 0.26875 0.27421875 0.534375 0.203125
0 0.66015625 0.2609375 0.25 0.2390625
0 0.91953125 0.25234375 0.16015625 0.2765625
1 0.8109375 0.1953125 0.0515625 0.38984375
1 0.91875 0.0578125 0.16171875 0.1109375
1 0.2671875 0.0875 0.534375 0.16875
1 0.66015625 0.06953125 0.24921875 0.13828125
0 0.14296875 0.596875 0.2859375 0.35
0 0.36171875 0.5921875 0.14921875 0.32734375
0 0.48125 0.609375 0.08828125 0.35625
0 0.63359375 0.61796875 0.209375 0.3609375
0 0.7953125 0.625 0.1078125 0.36875
0 0.925 0.6609375 0.14765625 0.31171875
1 0.88671875 0.47109375 0.0671875 0.0609375
0 0.92109375 0.9359375 0.1546875 0.128125
0 0.75859375 0.93203125 0.1640625 0.1359375
0 0.63359375 0.9296875 0.08046875 0.13671875
0 0.55234375 0.9265625 0.0734375 0.146875
0 0.434375 0.92109375 0.15859375 0.15703125
0 0.18515625 0.91171875 0.10546875 0.17578125
0 0.29609375 0.91796875 0.1109375 0.1640625
0 0.06484375 0.909375 0.1296875 0.18125
1 0.3625 0.7703125 0.146875 0.021875