0 0.0421875 0.203125 0.08359375 0.13515625
0 0.228125 0.18671875 0.27578125 0.16171875
0 0.6828125 0.1640625 0.2515625 0.14296875
0 0.9046875 0.16015625 0.190625 0.13046875
0 0.93046875 0.3515625 0.1390625 0.184375
0 0.65625 0.353125 0.1953125 0.184375
0 0.80703125 0.34921875 0.096875 0.18359375
0 0.2796875 0.37578125 0.1765625 0.17265625
0 0.09375 0.37734375 0.18671875 0.18046875
0 0.08359375 0.5765625 0.165625 0.15078125
0 0.25 0.5703125 0.14921875 0.14921875
0 0.415625 0.56640625 0.1875 0.15546875
0 0.67578125 0.5625 0.21953125 0.15625
0 0.89375 0.55703125 0.2125 0.1640625
0 0.9703125 0.7625 0.05859375 0.184375
0 0.75546875 0.7609375 0.36484375 0.18515625
0 0.4421875 0.7609375 0.1671875 0.16953125
0 0.28671875 0.76796875 0.14375 0.17578125
0 0.10703125 0.76015625 0.2140625 0.17734375
0 0.11328125 0.93828125 0.2265625 0.1234375
0 0.29609375 0.9390625 0.14921875 0.115625
0 0.79296875 0.94453125 0.4140625 0.1109375
0 0.44765625 0.9375 0.153125 0.1140625
1 0.46328125 0.16171875 0.1828125 0.16171875
1 0.46640625 0.365625 0.18125 0.19296875
1 0.53984375 0.5671875 0.04765625 0.15
1 0.54921875 0.7640625 0.03515625 0.16796875
1 0.5578125 0.94140625 0.0484375 0.1171875
1 0.04453125 0.12578125 0.08515625 0.01875