0 0.88671875 0.11640625 0.22421875 0.23203125
1 0.140625 0.10078125 0.0703125 0.196875
0 0.309375 0.10546875 0.25703125 0.20625
1 0.76171875 0.11328125 0.01875 0.22578125
0 0.5953125 0.1109375 0.31171875 0.22109375
0 0.0515625 0.10234375 0.10078125 0.2
0 0.33046875 0.40390625 0.35 0.3328125
0 0.02890625 0.3921875 0.0578125 0.325
0 0.10625 0.37265625 0.09296875 0.2875
1 0.1046875 0.53828125 0.09375 0.0390625
0 0.6328125 0.41796875 0.24609375 0.3265625
0 0.80078125 0.4234375 0.08671875 0.31875
0 0.88203125 0.4125 0.071875 0.284375
0 0.96015625 0.434375 0.0796875 0.321875
1 0.8828125 0.56953125 0.078125 0.0390625
0 0.02890625 0.74140625 0.05703125 0.3
0 0.09375 0.72265625 0.07265625 0.25234375
1 0.09453125 0.8734375 0.0703125 0.0359375
0 0.1703125 0.7375 0.07265625 0.27265625
1 0.17265625 0.88359375 0.08125 0.0125
0 0.25703125 0.74765625 0.09296875 0.2875
0 0.3859375 0.71875 0.1578125 0.21953125
1 0.384375 0.8640625 0.1546875 0.06796875
0 0.5984375 0.76328125 0.2625 0.29453125
0 0.809375 0.76953125 0.1546875 0.28828125
0 0.078125 0.96640625 0.15546875 0.06640625
0 0.9453125 0.7578125 0.10859375 0.2484375
1 0.94453125 0.90625 0.1109375 0.0375
0 0.27734375 0.9703125 0.2375 0.059375
0 0.56796875 0.97421875 0.3390625 0.0515625
1 0.92265625 0.9828125 0.0625 0.03359375
0 0.8671875 0.97890625 0.03984375 0.03828125
0 0.978125 0.98203125 0.04296875 0.03203125
0 0.75234375 0.98125 0.0234375 0.0375