0 0.5 0.8171875 1 0.2625
0 0.0625 0.51484375 0.125 0.2609375
0 0.85703125 0.5265625 0.28515625 0.26796875
0 0.60078125 0.521875 0.2328125 0.2734375
0 0.2359375 0.51875 0.215625 0.2734375
0 0.41796875 0.5046875 0.1453125 0.2421875
1 0.415625 0.64140625 0.140625 0.02265625
0 0.871875 0.246875 0.25546875 0.2328125
0 0.4796875 0.2359375 0.5265625 0.25625
0 0.06875 0.23828125 0.1375 0.240625
0 0.17734375 0.246875 0.07265625 0.2109375
1 0.98203125 0.02265625 0.0359375 0.0453125
1 0.73046875 0.0203125 0.02265625 0.040625
1 0.203125 0.01875 0.0625 0.0375
1 0.053125 0.01953125 0.03046875 0.0390625
0 0.47421875 0.02265625 0.48046875 0.03984375
0 0.121875 0.01953125 0.1015625 0.0390625
0 0.0171875 0.01875 0.034375 0.0375
1 0.871875 0.0984375 0.25625 0.05625
1 0.48046875 0.084375 0.52265625 0.03828125
1 0.17890625 0.103125 0.0734375 0.075
1 0.0703125 0.0875 0.140625 0.053125