0 0.1453125 0.2484375 0.290625 0.3203125
0 0.43828125 0.2609375 0.2890625 0.3046875
0 0.7078125 0.26875 0.24375 0.28984375
0 0.9328125 0.2890625 0.134375 0.28125
1 0.846875 0.2578125 0.03359375 0.3234375
1 0.146875 0.0671875 0.29296875 0.0390625
1 0.35859375 0.08515625 0.12578125 0.046875
1 0.471875 0.08671875 0.09609375 0.0375
1 0.55390625 0.08828125 0.06328125 0.03125
1 0.93359375 0.12265625 0.13203125 0.04453125
1 0.653125 0.10078125 0.128125 0.040625
1 0.7765625 0.10703125 0.115625 0.03359375
0 0.93046875 0.60625 0.13828125 0.284375
0 0.55703125 0.64296875 0.60078125 0.30390625
1 0.93046875 0.7640625 0.13828125 0.03359375
0 0.11171875 0.6328125 0.15859375 0.30546875
1 0.225 0.615625 0.065625 0.3375
0 0.015625 0.58203125 0.03125 0.21640625
1 0.0171875 0.734375 0.03125 0.08984375
1 0.37421875 0.46875 0.228125 0.0421875
1 0.675 0.47109375 0.3671875 0.034375
1 0.11328125 0.459375 0.1515625 0.034375
1 0.01875 0.4546875 0.0375 0.0296875
0 0.05625 0.92109375 0.1125 0.1578125
0 0.21875 0.91875 0.21171875 0.16171875
0 0.51875 0.91640625 0.3828125 0.16640625
0 0.8546875 0.9125 0.290625 0.175