0 0.603125 0.8375 0.23203125 0.25625
0 0.83828125 0.84140625 0.23046875 0.2484375
0 0.978125 0.84609375 0.04375 0.2484375
0 0.34765625 0.82109375 0.23125 0.2390625
0 0.115625 0.81875 0.22734375 0.25
0 0.1015625 0.528125 0.20234375 0.27734375
0 0.88671875 0.55078125 0.2265625 0.26015625
0 0.70703125 0.54921875 0.13046875 0.2671875
0 0.5609375 0.54296875 0.15546875 0.2703125
0 0.34375 0.5328125 0.275 0.27109375
0 0.9015625 0.26875 0.196875 0.259375
0 0.0515625 0.2625 0.103125 0.2140625
1 0.1703125 0.2609375 0.13515625 0.215625
1 0.11796875 0.128125 0.23359375 0.0453125
0 0.2703125 0.2625 0.06171875 0.21875
0 0.35 0.24609375 0.1046875 0.26328125
1 0.2640625 0.12578125 0.0609375 0.046875
0 0.46875 0.2546875 0.12734375 0.2390625
0 0.60234375 0.26640625 0.1359375 0.25078125
0 0.7328125 0.2859375 0.1234375 0.2078125
1 0.7375 0.15625 0.128125 0.0453125
1 0.6296875 0.1296875 0.07890625 0.02421875
1 0.45859375 0.1265625 0.11015625 0.02109375
0 0.92265625 0.04609375 0.1546875 0.0921875
1 0.81328125 0.04296875 0.05078125 0.08046875
0 0.56953125 0.0359375 0.140625 0.071875
1 0.65 0.03828125 0.0140625 0.07109375
1 0.48203125 0.03359375 0.03984375 0.06171875
0 0.4015625 0.03125 0.10703125 0.0625
0 0.23203125 0.02890625 0.228125 0.0578125
0 0.0578125 0.02734375 0.11484375 0.04921875