0 0.23359375 0.3484375 0.2640625 0.34375
0 0.90703125 0.3859375 0.1640625 0.309375
0 0.61015625 0.36796875 0.38984375 0.31875
0 0.39140625 0.39140625 0.040625 0.2578125
1 0.390625 0.20234375 0.0421875 0.11328125
0 0.03359375 0.34609375 0.0671875 0.328125
1 0.084375 0.3109375 0.03359375 0.38671875
1 0.03203125 0.14765625 0.06328125 0.06640625
1 0.1640625 0.14921875 0.11953125 0.05
1 0.296875 0.1546875 0.13828125 0.0390625
1 0.4734375 0.178125 0.11875 0.05859375
1 0.60703125 0.18359375 0.1453125 0.046875
1 0.74296875 0.18984375 0.1265625 0.03125
1 0.815625 0.353125 0.01640625 0.353125
1 0.9 0.20546875 0.14765625 0.04453125
1 0.9953125 0.36328125 0.009375 0.33828125
1 0.98125 0.2109375 0.0109375 0.0421875
0 0.059375 0.74921875 0.11875 0.3359375
0 0.240625 0.72734375 0.16953125 0.3296875
0 0.36015625 0.71640625 0.07265625 0.30390625
0 0.4375 0.73046875 0.0828125 0.3234375
1 0.64609375 0.75390625 0.32734375 0.36484375
0 0.88828125 0.73203125 0.15703125 0.3015625
0 0.98359375 0.75625 0.0328125 0.34296875
1 0.88984375 0.90703125 0.15859375 0.0421875
1 0.059375 0.93203125 0.11875 0.0234375
1 0.3171875 0.91171875 0.32734375 0.04765625
1 0.1375 0.75390625 0.03046875 0.3796875
1 0.059375 0.5671875 0.11875 0.028125
1 0.84609375 0.9921875 0.0703125 0.015625
0 0.9421875 0.98984375 0.11484375 0.01953125
0 0.715625 0.99453125 0.190625 0.0109375