1 0.2265625 0.58515625 0.453125 0.07734375
1 0.17890625 0.52578125 0.06875 0.03828125
1 0.3890625 0.5265625 0.11484375 0.0375
1 0.64375 0.56484375 0.175 0.08203125
1 0.75234375 0.43515625 0.03515625 0.36796875
1 0.94140625 0.6 0.1171875 0.059375
0 0.0734375 0.36953125 0.14296875 0.3328125
0 0.2921875 0.35546875 0.28828125 0.30078125
0 0.271875 0.52734375 0.1046875 0.0375
0 0.5046875 0.415625 0.096875 0.4046875
0 0.64453125 0.3796875 0.178125 0.2953125
0 0.82734375 0.43203125 0.1015625 0.3796875
0 0.9421875 0.1125 0.11484375 0.215625
0 0.83125 0.08046875 0.109375 0.1609375
1 0.5765625 0.109375 0.3984375 0.21796875
1 0.82890625 0.1921875 0.10234375 0.04765625
1 0.0171875 0.08671875 0.034375 0.16796875
1 0.20546875 0.14921875 0.334375 0.05
0 0.20390625 0.06171875 0.33828125 0.1234375
0 0.0859375 0.80234375 0.17109375 0.29765625
0 0.28203125 0.76171875 0.2125 0.2296875
0 0.4796875 0.803125 0.18359375 0.27890625
1 0.28203125 0.9421875 0.196875 0.08984375
1 0.0921875 0.9734375 0.17734375 0.053125
1 0.47734375 0.97265625 0.18515625 0.0484375
1 0.6875 0.9109375 0.21875 0.178125
0 0.68671875 0.74453125 0.2359375 0.1609375
0 0.90546875 0.8203125 0.1890625 0.309375