0 0.14921875 0.0515625 0.2984375 0.1
1 0.353125 0.05390625 0.10859375 0.10625
0 0.90390625 0.06484375 0.19140625 0.125
0 0.6671875 0.0609375 0.28671875 0.1171875
0 0.465625 0.05703125 0.1125 0.11328125
0 0.88125 0.31328125 0.2375 0.246875
0 0.196875 0.275 0.39296875 0.28046875
1 0.41328125 0.28046875 0.0328125 0.2703125
1 0.0828125 0.5859375 0.1625 0.28359375
0 0.1953125 0.5640625 0.0609375 0.22734375
1 0.1953125 0.7015625 0.059375 0.03984375
0 0.2796875 0.58828125 0.1046875 0.28203125
0 0.3640625 0.55234375 0.06015625 0.2109375
1 0.3609375 0.69375 0.05859375 0.06796875
0 0.871875 0.59765625 0.25625 0.2703125
0 0.50234375 0.57890625 0.2140625 0.25703125
1 0.503125 0.72109375 0.22265625 0.0171875
0 0.67421875 0.56953125 0.13046875 0.2296875
1 0.678125 0.7078125 0.1265625 0.04375
0 0.58203125 0.30390625 0.3 0.23515625
1 0.7453125 0.2921875 0.02578125 0.275
1 0.8796875 0.175 0.2375 0.0328125
1 0.62109375 0.1640625 0.21484375 0.03359375
0 0.03203125 0.8796875 0.0640625 0.234375
0 0.16796875 0.8625 0.20859375 0.203125
1 0.16796875 0.98203125 0.20859375 0.03515625
0 0.38671875 0.88359375 0.228125 0.23203125
0 0.53515625 0.86875 0.065625 0.21015625
1 0.53671875 0.9859375 0.0734375 0.02734375
0 0.61171875 0.884375 0.07890625 0.23046875
0 0.6796875 0.86328125 0.0625 0.1921875
1 0.68515625 0.98125 0.059375 0.03359375
0 0.7921875 0.884375 0.1546875 0.23046875
0 0.91015625 0.8453125 0.08671875 0.15625
0 0.9765625 0.88515625 0.04375 0.2296875
1 0.9109375 0.9609375 0.0875 0.07109375