0 0.7875 0.3359375 0.42421875 0.234375
1 0.8890625 0.20390625 0.221875 0.025
1 0.6765625 0.2 0.1984375 0.03046875
1 0.52734375 0.309375 0.10390625 0.259375
0 0.1078125 0.303125 0.215625 0.2578125
0 0.2328125 0.3046875 0.03359375 0.2609375
0 0.36328125 0.3296875 0.22421875 0.21171875
1 0.36328125 0.19921875 0.22421875 0.040625
1 0.5796875 0.603125 0.03828125 0.265625
0 0.67890625 0.6265625 0.1515625 0.2265625
0 0.8265625 0.63359375 0.13671875 0.240625
0 0.965625 0.63046875 0.06796875 0.22734375
1 0.91484375 0.63203125 0.0359375 0.23359375
1 0.840625 0.49609375 0.31328125 0.0359375
0 0.2796875 0.6046875 0.55859375 0.2734375
0 0.09375 0.88125 0.1875 0.2359375
0 0.259375 0.8828125 0.140625 0.234375
0 0.409375 0.88515625 0.153125 0.2296875
0 0.5203125 0.87109375 0.0625 0.19609375
1 0.51953125 0.9859375 0.0625 0.02734375
0 0.66328125 0.8875 0.2171875 0.225
0 0.8015625 0.8796875 0.05859375 0.1953125
1 0.80078125 0.98984375 0.05703125 0.01796875
0 0.91640625 0.89140625 0.1671875 0.2171875