1 0.64375 0.54609375 0.1984375 0.3078125
1 0.79765625 0.6703125 0.109375 0.059375
0 0.9265625 0.5484375 0.146875 0.296875
0 0.79765625 0.51796875 0.1078125 0.24140625
0 0.07578125 0.228125 0.1484375 0.2015625
1 0.075 0.06328125 0.146875 0.12578125
0 0.246875 0.178125 0.1890625 0.33671875
0 0.434375 0.18671875 0.178125 0.3375
0 0.10234375 0.53125 0.2046875 0.31875
0 0.29140625 0.52578125 0.16875 0.29140625
1 0.2953125 0.68359375 0.1703125 0.0234375
0 0.41484375 0.5140625 0.078125 0.25234375
1 0.41796875 0.67265625 0.07890625 0.0546875
1 0.50078125 0.678125 0.0828125 0.03359375
0 0.4984375 0.5234375 0.084375 0.2640625
0 0.33203125 0.86953125 0.6640625 0.2609375
0 0.78203125 0.84296875 0.22578125 0.2109375
0 0.95 0.87265625 0.1 0.2546875
1 0.78203125 0.97578125 0.22890625 0.0484375
0 0.6578125 0.19296875 0.26171875 0.32734375
0 0.8953125 0.203125 0.209375 0.31953125