0 0.2125 0.28203125 0.425 0.32421875
1 0.52578125 0.25546875 0.184375 0.34921875
0 0.79140625 0.36875 0.34453125 0.1703125
0 0.9875 0.28671875 0.025 0.32890625
0 0.04453125 0.63515625 0.08515625 0.36484375
0 0.16015625 0.615625 0.1390625 0.3125
1 0.1609375 0.7921875 0.1453125 0.04765625
1 0.3921875 0.6359375 0.31875 0.353125
0 0.9109375 0.6390625 0.178125 0.33125
1 0.765625 0.190625 0.28984375 0.1921875
0 0.08046875 0.91796875 0.1578125 0.1640625
0 0.33671875 0.91640625 0.3390625 0.16015625
0 0.640625 0.9203125 0.26796875 0.15859375
0 0.8875 0.91875 0.22421875 0.16171875
0 0.6890625 0.64296875 0.2640625 0.32265625
1 0.93671875 0.171875 0.04921875 0.1140625
1 0.2140625 0.09765625 0.42734375 0.05703125