0 0.87578125 0.08203125 0.2484375 0.159375
1 0.66015625 0.0765625 0.1890625 0.1484375
0 0.03125 0.05703125 0.0625 0.109375
0 0.21953125 0.0625 0.309375 0.1203125
0 0.46953125 0.06875 0.18515625 0.13671875
0 0.11953125 0.33671875 0.2390625 0.36328125
0 0.33515625 0.34296875 0.18203125 0.35625
0 0.5734375 0.34921875 0.2921875 0.35390625
0 0.8609375 0.35078125 0.278125 0.31640625
0 0.828125 0.74765625 0.34375 0.3453125
0 0.59140625 0.72578125 0.12890625 0.31640625
1 0.59140625 0.9046875 0.12265625 0.034375
0 0.1609375 0.740625 0.321875 0.359375
0 0.42578125 0.74296875 0.2046875 0.3546875
1 0.846875 0.52890625 0.2515625 0.034375