0 0.88203125 0.11796875 0.23515625 0.2359375
0 0.65859375 0.11171875 0.20703125 0.2234375
0 0.5234375 0.1078125 0.05859375 0.215625
0 0.0671875 0.1 0.13359375 0.2
0 0.17109375 0.10234375 0.07109375 0.19921875
0 0.10234375 0.403125 0.20390625 0.340625
0 0.24921875 0.39609375 0.09140625 0.3140625
1 0.25078125 0.565625 0.0921875 0.01484375
0 0.43671875 0.4109375 0.28046875 0.33125
0 0.6140625 0.40625 0.078125 0.309375
1 0.6171875 0.57265625 0.0734375 0.0140625
0 0.82734375 0.42109375 0.3453125 0.32109375
0 0.3015625 0.7828125 0.60234375 0.3390625
1 0.62734375 0.85859375 0.04921875 0.17890625
0 0.80234375 0.69453125 0.39453125 0.146875
0 0.82734375 0.85234375 0.3453125 0.16640625
0 0.3484375 0.10625 0.27890625 0.2078125