0 0.04140625 0.25 0.078125 0.38515625
0 0.10546875 0.25 0.0421875 0.396875
0 0.15390625 0.13046875 0.03828125 0.14375
1 0.15078125 0.32578125 0.04140625 0.2390625
1 0.2390625 0.225 0.12734375 0.4375
1 0.08828125 0.0265625 0.1671875 0.05078125
1 0.45859375 0.0796875 0.3109375 0.146875
0 0.46171875 0.30625 0.31171875 0.30546875
0 0.7015625 0.26015625 0.1671875 0.40546875
0 0.8953125 0.30234375 0.209375 0.3515625
1 0.89609375 0.10859375 0.20703125 0.04296875
1 0.8234375 0.5609375 0.08203125 0.09921875
0 0.9328125 0.76015625 0.13359375 0.46640625
0 0.82109375 0.80234375 0.07734375 0.39296875
0 0.709375 0.75546875 0.14609375 0.48828125
0 0.08046875 0.7421875 0.15703125 0.515625
0 0.3984375 0.74609375 0.4703125 0.5078125