0 0.84375 0.78671875 0.1703125 0.42578125
0 0.96640625 0.82890625 0.0671875 0.3421875
0 0.6671875 0.825 0.17109375 0.35
0 0.4859375 0.7859375 0.1890625 0.428125
0 0.33671875 0.82421875 0.1171875 0.3515625
0 0.20390625 0.78359375 0.1390625 0.4328125
0 0.06640625 0.7859375 0.1328125 0.428125
1 0.33828125 0.61171875 0.10859375 0.0796875
1 0.6703125 0.61640625 0.16328125 0.0765625
1 0.9671875 0.61796875 0.065625 0.071875
0 0.9203125 0.375 0.15859375 0.32578125
0 0.6875 0.32890625 0.29609375 0.40625
0 0.3984375 0.34609375 0.2703125 0.365625
0 0.18671875 0.3109375 0.1640625 0.425
0 0.05078125 0.34375 0.1015625 0.371875
1 0.91875 0.165625 0.1625 0.06875
1 0.40625 0.13984375 0.26796875 0.05859375
1 0.0515625 0.1328125 0.103125 0.0515625