0 0.93203125 0.078125 0.13515625 0.15546875
0 0.77578125 0.0765625 0.17734375 0.153125
0 0.5078125 0.0765625 0.36328125 0.1515625
0 0.1515625 0.08046875 0.30234375 0.1609375
0 0.92421875 0.278125 0.1515625 0.175
0 0.7578125 0.2765625 0.1734375 0.17578125
0 0.490625 0.27890625 0.3609375 0.1765625
0 0.15390625 0.2828125 0.30625 0.1703125
0 0.89296875 0.47734375 0.1828125 0.1546875
0 0.71796875 0.4828125 0.16484375 0.153125
0 0.55234375 0.48125 0.1640625 0.15859375
0 0.3875 0.48203125 0.1484375 0.159375
0 0.15390625 0.48125 0.3078125 0.15390625
0 0.884375 0.65859375 0.16484375 0.14140625
0 0.690625 0.6625 0.21796875 0.1375
0 0.46484375 0.66484375 0.23359375 0.13828125
0 0.171875 0.65859375 0.34375 0.1375
0 0.0640625 0.8125 0.1265625 0.12578125
0 0.25 0.81953125 0.12890625 0.13515625
0 0.4546875 0.81796875 0.28046875 0.134375
0 0.7015625 0.8171875 0.20625 0.13125
0 0.88046875 0.81640625 0.14453125 0.12265625
1 0.98515625 0.65703125 0.0296875 0.1390625
1 0.97890625 0.8171875 0.0421875 0.128125
1 0.15859375 0.81796875 0.046875 0.13203125
1 0.9921875 0.47734375 0.01328125 0.1546875
1 0.3140625 0.07578125 0.015625 0.1515625