0 0.09140625 0.284375 0.17265625 0.4765625
0 0.76875 0.2875 0.13984375 0.52265625
1 0.87890625 0.11015625 0.075 0.1359375
0 0.95859375 0.30234375 0.08203125 0.509375
0 0.87421875 0.365625 0.07421875 0.378125
0 0.5703125 0.3046875 0.25625 0.47109375
1 0.32265625 0.025 0.26875 0.04921875
1 0.56953125 0.0359375 0.21328125 0.05859375
0 0.30546875 0.290625 0.2609375 0.4546875
0 0.225 0.778125 0.22890625 0.40078125
0 0.4578125 0.78359375 0.2296875 0.3921875
0 0.7484375 0.7828125 0.34296875 0.38671875
1 0.05390625 0.7703125 0.10390625 0.41953125
0 0.96328125 0.778125 0.0734375 0.36953125
1 0.09140625 0.02578125 0.17890625 0.0453125