0 0.09375 0.3015625 0.1875 0.38984375
0 0.3234375 0.2796875 0.24921875 0.4328125
0 0.54375 0.2953125 0.18359375 0.4171875
0 0.67734375 0.296875 0.08359375 0.42578125
0 0.75625 0.3984375 0.06171875 0.2234375
0 0.925 0.22421875 0.15 0.08671875
0 0.95625 0.39140625 0.08671875 0.221875
1 0.75390625 0.184375 0.06875 0.190625
1 0.825 0.29765625 0.05546875 0.4265625
0 0.834375 0.7859375 0.33125 0.425
0 0.5625 0.78671875 0.20625 0.42578125
0 0.33046875 0.81640625 0.24921875 0.3671875
0 0.10234375 0.771875 0.2046875 0.44375
1 0.33671875 0.59375 0.246875 0.08671875
1 0.09921875 0.06875 0.19765625 0.0734375