0 0.06171875 0.3671875 0.1234375 0.48515625
0 0.2109375 0.33125 0.16328125 0.53515625
0 0.9046875 0.35703125 0.190625 0.5171875
0 0.71953125 0.4015625 0.18203125 0.40703125
0 0.52890625 0.34140625 0.209375 0.540625
0 0.359375 0.39140625 0.13984375 0.43203125
1 0.371875 0.128125 0.1171875 0.11328125
1 0.71875 0.13828125 0.165625 0.11875
1 0.06875 0.0984375 0.13359375 0.06640625
0 0.1875 0.8203125 0.375 0.359375
0 0.78515625 0.81640625 0.42890625 0.3640625
0 0.47578125 0.81796875 0.18984375 0.36328125