0 0.2265625 0.08828125 0.4484375 0.1765625
0 0.72578125 0.10078125 0.5453125 0.2015625
0 0.72421875 0.47109375 0.5515625 0.4140625
0 0.2265625 0.3796875 0.453125 0.146875
0 0.0703125 0.5359375 0.13984375 0.17421875
0 0.3578125 0.5578125 0.17421875 0.20625
1 0.20390625 0.55625 0.11953125 0.1875
0 0.1296875 0.83359375 0.25546875 0.31484375
0 0.91875 0.85703125 0.159375 0.2859375
0 0.72734375 0.85234375 0.22734375 0.2953125
0 0.5234375 0.84453125 0.18359375 0.30625
0 0.34609375 0.83515625 0.178125 0.303125
1 0.2234375 0.259375 0.44609375 0.09453125