0 0.91328125 0.78125 0.1734375 0.340625
0 0.66796875 0.73203125 0.32578125 0.45703125
0 0.33046875 0.71796875 0.3578125 0.459375
0 0.075 0.71015625 0.15 0.46328125
1 0.50234375 0.965625 0.9953125 0.03671875
1 0.91796875 0.56484375 0.1640625 0.0859375
0 0.88671875 0.31328125 0.2265625 0.36640625
0 0.63984375 0.29765625 0.265625 0.37421875
0 0.4046875 0.28515625 0.225 0.38515625
0 0.1890625 0.2703125 0.2015625 0.3703125
0 0.046875 0.27265625 0.08984375 0.37890625
0 0.7921875 0.04296875 0.415625 0.084375
0 0.2984375 0.02734375 0.596875 0.0546875