0 0.07890625 0.253125 0.15703125 0.3984375
0 0.27109375 0.2671875 0.2171875 0.3875
0 0.48828125 0.27265625 0.20390625 0.3671875
0 0.7265625 0.29609375 0.2578125 0.328125
1 0.653125 0.06328125 0.1078125 0.12109375
1 0.48671875 0.04375 0.21875 0.08671875
1 0.27421875 0.0390625 0.2125 0.071875
1 0.084375 0.02578125 0.159375 0.0515625
0 0.11875 0.71015625 0.23359375 0.3140625
0 0.4 0.715625 0.31796875 0.2875
0 0.6875 0.67109375 0.25625 0.33828125
1 0.39453125 0.52890625 0.315625 0.07421875
1 0.1140625 0.51875 0.2265625 0.0578125
0 0.03828125 0.9578125 0.07265625 0.0828125
0 0.23125 0.95390625 0.0953125 0.0921875
0 0.353125 0.98203125 0.0890625 0.03515625
0 0.4703125 0.94921875 0.1546875 0.09453125
0 0.65625 0.95078125 0.2046875 0.0984375
1 0.33828125 0.93203125 0.1203125 0.0484375
1 0.29453125 0.978125 0.02578125 0.0421875
1 0.12890625 0.9328125 0.1015625 0.04296875
0 0.12890625 0.97734375 0.1046875 0.03515625
0 0.96484375 0.58359375 0.06953125 0.171875
0 0.9578125 0.8546875 0.08359375 0.10859375