0 0.209375 0.25703125 0.41875 0.51328125
0 0.54140625 0.31328125 0.24921875 0.4109375
0 0.83359375 0.31796875 0.32578125 0.3890625
1 0.51875 0.05859375 0.2 0.1171875
1 0.79609375 0.090625 0.3546875 0.08984375
1 0.678125 0.02421875 0.10859375 0.03046875
1 0.29140625 0.59453125 0.27421875 0.08046875
1 0.6546875 0.58125 0.4390625 0.0625
0 0.07421875 0.72734375 0.1484375 0.34609375
0 0.29296875 0.76796875 0.27734375 0.23984375
0 0.59296875 0.7796875 0.31015625 0.3140625
0 0.8765625 0.76953125 0.246875 0.3015625
0 0.9390625 0.58203125 0.121875 0.07109375
0 0.25390625 0.9734375 0.34453125 0.04765625
0 0.9171875 0.97734375 0.165625 0.0390625
0 0.7390625 0.98359375 0.175 0.0296875
0 0.21171875 0.9703125 0.41875 0.05703125