1 0.02578125 0.33125 0.0484375 0.2828125
0 0.115625 0.771875 0.228125 0.43125
0 0.38515625 0.7328125 0.18671875 0.334375
0 0.93515625 0.78671875 0.12890625 0.38515625
1 0.83203125 0.8953125 0.06796875 0.1625
0 0.8328125 0.7 0.071875 0.21328125
0 0.690625 0.77734375 0.20546875 0.3984375
0 0.53359375 0.746875 0.10390625 0.33828125
1 0.2625 0.87265625 0.0609375 0.21328125
1 0.38671875 0.94140625 0.18359375 0.0734375
1 0.5359375 0.946875 0.11328125 0.05859375
0 0.26328125 0.6609375 0.06015625 0.20234375
0 0.14296875 0.33984375 0.1828125 0.28828125
0 0.32578125 0.35 0.17265625 0.2796875
0 0.44921875 0.36015625 0.06640625 0.26640625
0 0.5234375 0.346875 0.075 0.22734375
1 0.521875 0.48203125 0.0765625 0.0359375
0 0.6140625 0.37734375 0.10390625 0.2640625
0 0.74765625 0.3875 0.159375 0.259375
0 0.88359375 0.403125 0.10625 0.24921875
0 0.96875 0.4140625 0.0625 0.24375
0 0.915625 0.115625 0.16875 0.228125
0 0.05234375 0.05859375 0.1046875 0.1171875
0 0.18359375 0.06484375 0.15625 0.1296875
0 0.396875 0.0796875 0.2734375 0.15859375
0 0.61328125 0.090625 0.1484375 0.18046875
0 0.75703125 0.10234375 0.13359375 0.20390625