0 0.09609375 0.33046875 0.1859375 0.25
1 0.09453125 0.13828125 0.18828125 0.12265625
1 0.5296875 0.25546875 0.28515625 0.31875
1 0.75078125 0.25546875 0.153125 0.2796875
1 0.71875 0.4109375 0.0828125 0.02734375
1 0.915625 0.20390625 0.16875 0.1578125
1 0.85078125 0.35703125 0.04375 0.13828125
1 0.5234375 0.021875 0.07578125 0.0421875
0 0.90859375 0.04140625 0.1828125 0.078125
0 0.63671875 0.028125 0.1453125 0.0515625
0 0.76171875 0.0328125 0.1046875 0.0609375
0 0.075 0.01171875 0.14609375 0.021875
0 0.209375 0.0140625 0.121875 0.028125
0 0.37890625 0.01875 0.20859375 0.0328125
1 0.20234375 0.26484375 0.0234375 0.37265625
1 0.32578125 0.16875 0.11796875 0.1640625
1 0.23125 0.31328125 0.028125 0.265625
0 0.93828125 0.36953125 0.1234375 0.16640625
0 0.11953125 0.5703125 0.2390625 0.23125
0 0.38046875 0.5671875 0.27578125 0.23359375
0 0.31640625 0.35546875 0.12734375 0.190625
0 0.76171875 0.55625 0.4765625 0.246875
0 0.45078125 0.43203125 0.13515625 0.02578125
1 0.79375 0.415625 0.0640625 0.04375
1 0.02734375 0.88515625 0.0515625 0.22421875
0 0.265625 0.8828125 0.42265625 0.228125
0 0.51875 0.859375 0.0796875 0.2
1 0.51875 0.97890625 0.078125 0.0421875
0 0.6671875 0.875 0.2109375 0.240625
0 0.88671875 0.86015625 0.2265625 0.2390625