0 0.740625 0.04296875 0.2625 0.084375
0 0.49375 0.0359375 0.2265625 0.0671875
0 0.2484375 0.02890625 0.26015625 0.0578125
0 0.05859375 0.025 0.1140625 0.05
1 0.7953125 0.22734375 0.0984375 0.17734375
0 0.39765625 0.34921875 0.32734375 0.26640625
0 0.1171875 0.33828125 0.23046875 0.26953125
1 0.32109375 0.16328125 0.171875 0.103125
1 0.45625 0.18203125 0.09609375 0.0578125
1 0.53515625 0.18671875 0.0546875 0.04453125
0 0.69140625 0.4 0.25234375 0.165625
0 0.653125 0.2484375 0.1796875 0.13359375
1 0.05859375 0.14921875 0.1125 0.1015625
1 0.175 0.17734375 0.1171875 0.0484375
0 0.67734375 0.69453125 0.25703125 0.30703125
0 0.47890625 0.66875 0.1421875 0.26796875
1 0.478125 0.8265625 0.14296875 0.0390625
1 0.32734375 0.77734375 0.15703125 0.134375
0 0.35859375 0.6625 0.09375 0.0859375
1 0.35546875 0.575 0.10234375 0.0765625
1 0.22109375 0.75546875 0.05625 0.17578125
1 0.28125 0.68671875 0.06171875 0.03828125
0 0.25 0.6 0.1171875 0.11953125
0 0.153125 0.74375 0.075 0.1890625
0 0.0421875 0.6796875 0.08359375 0.31796875
1 0.1375 0.59140625 0.1046875 0.125
1 0.09921875 0.746875 0.02578125 0.1828125
0 0.1875 0.95078125 0.37421875 0.09375
1 0.39921875 0.953125 0.04296875 0.09375
1 0.4484375 0.98515625 0.0515625 0.0296875
0 0.6390625 0.95078125 0.32109375 0.09140625