0 0.2859375 0.04609375 0.56875 0.0921875
0 0.6921875 0.053125 0.22421875 0.1046875
0 0.67265625 0.3359375 0.20234375 0.21328125
0 0.50625 0.25078125 0.13359375 0.25390625
0 0.3953125 0.2875 0.1 0.09609375
0 0.2921875 0.2515625 0.10234375 0.11640625
0 0.21640625 0.31640625 0.0765625 0.15546875
0 0.07265625 0.2640625 0.140625 0.30234375
0 0.1125 0.5578125 0.16640625 0.20703125
0 0.2328125 0.5625 0.0703125 0.2078125
0 0.296875 0.52890625 0.0578125 0.14453125
0 0.36875 0.56328125 0.08203125 0.20859375
0 0.55078125 0.53515625 0.1109375 0.14921875
0 0.68203125 0.55390625 0.1421875 0.178125
1 0.6859375 0.65859375 0.14140625 0.02734375
1 0.55859375 0.6421875 0.1046875 0.05859375
1 0.45703125 0.565625 0.084375 0.2140625
1 0.29765625 0.63046875 0.04921875 0.07890625
1 0.1953125 0.17578125 0.1015625 0.1203125
1 0.1625 0.32578125 0.03203125 0.1734375
1 0.3421875 0.1578125 0.1875 0.08203125
1 0.39296875 0.2296875 0.08984375 0.05546875
1 0.29765625 0.36484375 0.08671875 0.10390625
1 0.3921875 0.3796875 0.096875 0.08125
1 0.50546875 0.40625 0.128125 0.046875
1 0.67734375 0.1765625 0.20390625 0.096875
1 0.23046875 0.82734375 0.16796875 0.24609375
1 0.12578125 0.8890625 0.0375 0.11328125
0 0.378125 0.83203125 0.11796875 0.24375
0 0.03828125 0.8453125 0.0765625 0.18203125
0 0.1109375 0.76640625 0.06875 0.1328125
0 0.0921875 0.8859375 0.02578125 0.10546875
1 0.4578125 0.83359375 0.0390625 0.24375
0 0.55859375 0.8140625 0.09921875 0.20390625
1 0.49375 0.7890625 0.028125 0.0625
0 0.49453125 0.73359375 0.028125 0.0484375
0 0.49921875 0.884375 0.03203125 0.128125
1 0.56796875 0.93203125 0.09375 0.03203125
0 0.67265625 0.8046875 0.1171875 0.18515625
1 0.67109375 0.9265625 0.10546875 0.05703125
0 0.07734375 0.98984375 0.146875 0.0203125
0 0.35859375 0.99140625 0.1046875 0.0171875
0 0.62578125 0.9921875 0.1703125 0.015625
0 0.01484375 0.59375 0.0296875 0.27265625
0 0.04453125 0.7140625 0.01953125 0.040625
1 0.02734375 0.753125 0.0546875 0.05
0 0.95625 0.08046875 0.08671875 0.15390625