0 0.7640625 0.06796875 0.465625 0.13515625
0 0.37578125 0.05546875 0.3046875 0.10859375
0 0.1125 0.04609375 0.2203125 0.09140625
0 0.13984375 0.30078125 0.2734375 0.33515625
0 0.4046875 0.35625 0.24453125 0.21953125
1 0.40234375 0.1875 0.2453125 0.1046875
0 0.76484375 0.39296875 0.4703125 0.26796875
1 0.765625 0.20703125 0.46875 0.09296875
0 0.38125 0.71015625 0.315625 0.39296875
0 0.13984375 0.7421875 0.16796875 0.32578125
0 0.02265625 0.80625 0.0453125 0.19921875
0 0.57890625 0.77109375 0.0828125 0.2609375
0 0.659375 0.63828125 0.07109375 0.11484375
0 0.6984375 0.7734375 0.07890625 0.16328125
0 0.9015625 0.68671875 0.196875 0.22578125
1 0.76875 0.80703125 0.0546875 0.1390625
1 0.746875 0.61328125 0.1015625 0.08671875
1 0.6390625 0.7984375 0.03203125 0.1875
0 0.7703125 0.69375 0.06484375 0.0734375
0 0.3125 0.98046875 0.365625 0.0390625
0 0.759375 0.96015625 0.48046875 0.0796875
1 0.1453125 0.98046875 0.134375 0.0375
1 0.11015625 0.54375 0.215625 0.07265625
1 0.02890625 0.640625 0.05390625 0.11796875