0 0.0484375 0.1734375 0.096875 0.3296875
0 0.30625 0.17109375 0.42109375 0.34140625
0 0.68125 0.21796875 0.203125 0.2828125
0 0.54296875 0.2796875 0.07890625 0.1515625
0 0.80859375 0.3046875 0.0484375 0.146875
0 0.8890625 0.31484375 0.10078125 0.12890625
0 0.95546875 0.24609375 0.0828125 0.27734375
0 0.16015625 0.49765625 0.3171875 0.22734375
0 0.37890625 0.4796875 0.121875 0.18671875
0 0.50390625 0.5015625 0.1234375 0.2234375
0 0.6015625 0.50390625 0.0765625 0.21640625
0 0.74453125 0.48671875 0.20234375 0.17578125
0 0.921875 0.4703125 0.15625 0.12109375
0 0.11015625 0.83203125 0.2203125 0.3265625
0 0.42421875 0.82734375 0.18046875 0.3359375
0 0.64765625 0.83203125 0.26328125 0.334375
0 0.8921875 0.81796875 0.2078125 0.3203125
1 0.54609375 0.1 0.0515625 0.19453125
1 0.68828125 0.02734375 0.23203125 0.05390625
1 0.821875 0.1109375 0.02578125 0.221875
1 0.921875 0.57734375 0.15625 0.0765625
1 0.28046875 0.81953125 0.10234375 0.3234375
1 0.37578125 0.60078125 0.1171875 0.0421875
1 0.74375 0.5953125 0.20390625 0.0421875
1 0.875 0.12421875 0.07734375 0.24375
1 0.95625 0.05234375 0.0875 0.1046875