0 0.01484375 0.059375 0.02890625 0.10234375
0 0.0953125 0.278125 0.18984375 0.32421875
0 0.48671875 0.28828125 0.59765625 0.33359375
0 0.1453125 0.05390625 0.1453125 0.10234375
0 0.90625 0.29140625 0.1875 0.3359375
0 0.825 0.64765625 0.34921875 0.3125
0 0.56953125 0.62734375 0.1609375 0.27890625
0 0.35859375 0.653125 0.24609375 0.3453125
1 0.5828125 0.79296875 0.17890625 0.04453125
1 0.13984375 0.64921875 0.18125 0.35703125
0 0.02109375 0.64375 0.0421875 0.346875
0 0.86640625 0.93125 0.2671875 0.1375
0 0.59921875 0.9421875 0.24921875 0.11484375
0 0.12421875 0.94453125 0.24765625 0.103125
1 0.04921875 0.05234375 0.03359375 0.1046875
1 0.61328125 0.05 0.7734375 0.09921875
1 0.7984375 0.26875 0.025 0.32421875
1 0.3640625 0.94453125 0.2015625 0.1078125