0 0.14921875 0.34921875 0.18984375 0.1546875
0 0.0234375 0.371875 0.040625 0.09296875
0 0.328125 0.3546875 0.16640625 0.16875
0 0.41015625 0.25625 0.09140625 0.0234375
0 0.47734375 0.3546875 0.11171875 0.196875
0 0.59921875 0.37734375 0.128125 0.14140625
0 0.725 0.42421875 0.10859375 0.11953125
0 0.625 0.3078125 0.12109375 0.03515625
0 0.859375 0.42578125 0.153125 0.11640625
0 0.96875 0.4390625 0.05625 0.10703125
0 0.17109375 0.81640625 0.221875 0.35859375
0 0.33046875 0.87578125 0.0765625 0.23671875
0 0.42265625 0.88515625 0.0984375 0.16875
0 0.384375 0.77734375 0.028125 0.025
0 0.57109375 0.8359375 0.11953125 0.3046875
0 0.48359375 0.74609375 0.04609375 0.084375
0 0.74140625 0.89453125 0.2140625 0.18515625
0 0.61875 0.6203125 0.125 0.11875
0 0.7125 0.7125 0.14140625 0.11640625
0 0.70078125 0.62734375 0.034375 0.0375
0 0.92265625 0.88359375 0.15390625 0.1671875
0 0.86875 0.728125 0.146875 0.11015625
1 0.175 0.20625 0.18671875 0.1
1 0.41328125 0.20390625 0.28359375 0.09375
1 0.6421875 0.2015625 0.15703125 0.07109375
1 0.54765625 0.2734375 0.025 0.0640625
1 0.62109375 0.26640625 0.121875 0.0390625
1 0.90859375 0.2921875 0.17421875 0.134375
1 0.70078125 0.30703125 0.01875 0.08984375
1 0.2390625 0.5625 0.31640625 0.1390625
1 0.37734375 0.68046875 0.1734375 0.08515625
1 0.48125 0.5640625 0.14375 0.12578125
1 0.62421875 0.5359375 0.15078125 0.0390625
1 0.515625 0.65703125 0.09140625 0.03984375
1 0.42734375 0.75703125 0.0328125 0.059375
1 0.9703125 0.6359375 0.059375 0.1875
1 0.81484375 0.6109375 0.08046875 0.03515625
1 0.88515625 0.6125 0.05078125 0.11171875
1 0.928125 0.60390625 0.01875 0.1390625
0 0.02734375 0.88046875 0.05390625 0.18828125
1 0.0265625 0.68046875 0.053125 0.2203125
1 0.41015625 0.9875 0.0765625 0.025
0 0.49140625 0.896875 0.03125 0.18828125
1 0.35 0.74140625 0.11796875 0.02578125
1 0.79765625 0.30390625 0.04453125 0.10078125