0 0.29375 0.171875 0.28046875 0.13515625
0 0.9375 0.153125 0.125 0.14375
0 0.91015625 0.35 0.17578125 0.19453125
0 0.60234375 0.35859375 0.3515625 0.1953125
0 0.2125 0.3640625 0.4234375 0.175
1 0.803125 0.3578125 0.0359375 0.196875
0 0.6453125 0.559375 0.421875 0.146875
0 0.93046875 0.5609375 0.1359375 0.153125
0 0.08671875 0.54609375 0.08359375 0.12421875
0 0.28125 0.55078125 0.21015625 0.1375
0 0.0640625 0.715625 0.1265625 0.1734375
0 0.17421875 0.6734375 0.084375 0.07421875
0 0.3640625 0.73671875 0.11015625 0.17734375
0 0.6390625 0.7484375 0.42265625 0.18515625
0 0.93828125 0.75390625 0.12265625 0.1796875
0 0.9265625 0.9375 0.146875 0.1171875
0 0.63984375 0.93359375 0.40703125 0.1328125
0 0.30546875 0.921875 0.25703125 0.15625
0 0.0859375 0.90625 0.171875 0.171875
1 0.6515625 0.14609375 0.4359375 0.1546875
1 0.1171875 0.1796875 0.065625 0.1390625
1 0.065625 0.21328125 0.02734375 0.0796875
1 0.03203125 0.225 0.028125 0.0578125
1 0.01015625 0.240625 0.015625 0.03046875
1 0.14921875 0.5515625 0.0484375 0.134375
1 0.02265625 0.54296875 0.04140625 0.125
1 0.215625 0.72734375 0.171875 0.18515625
0 0.865625 0.75546875 0.025 0.1828125
1 0.4109375 0.5515625 0.03671875 0.13671875