0 0.0265625 0.18984375 0.046875 0.1953125
0 0.1828125 0.14765625 0.24140625 0.28671875
0 0.35 0.2078125 0.075 0.18046875
0 0.46953125 0.21796875 0.13984375 0.1734375
0 0.5921875 0.1671875 0.096875 0.303125
0 0.6546875 0.1921875 0.025 0.25078125
0 0.75390625 0.04765625 0.1125 0.09453125
0 0.79453125 0.234375 0.19609375 0.1828125
0 0.9515625 0.240625 0.08515625 0.19140625
0 0.90859375 0.23359375 0.00859375 0.00078125
0 0.078125 0.47734375 0.153125 0.24296875
0 0.296875 0.4625 0.2734375 0.2203125
0 0.51640625 0.446875 0.16328125 0.16875
0 0.8671875 0.5046875 0.2625 0.234375
0 0.69765625 0.43046875 0.08046875 0.09375
0 0.1859375 0.8265625 0.365625 0.33359375
0 0.4796875 0.8296875 0.20234375 0.328125
0 0.7234375 0.83359375 0.24765625 0.3328125
0 0.92890625 0.8265625 0.12578125 0.27890625
0 0.028125 0.04140625 0.05 0.078125
1 0.42734375 0.05859375 0.2140625 0.10625
1 0.575 0.57890625 0.26953125 0.06171875
1 0.621875 0.44921875 0.05234375 0.18046875
1 0.66796875 0.51796875 0.03828125 0.03359375
1 0.3 0.59609375 0.27890625 0.04453125
0 0.7125 0.509375 0.0484375 0.06640625
0 0.72578125 0.58125 0.02109375 0.06875