0 0.93359375 0.290625 0.13203125 0.57578125
0 0.68125 0.29375 0.36015625 0.58671875
0 0.45859375 0.36875 0.071875 0.42734375
0 0.0921875 0.41484375 0.184375 0.33828125
0 0.31015625 0.42421875 0.22890625 0.31015625
1 0.246875 0.06640625 0.48984375 0.12734375
1 0.209375 0.18515625 0.41484375 0.11328125
1 0.3046875 0.25625 0.23359375 0.02109375
0 0.1453125 0.8265625 0.2875 0.346875
0 0.5046875 0.82421875 0.41953125 0.3515625
0 0.834375 0.821875 0.23515625 0.35625
0 0.98046875 0.81875 0.0359375 0.36171875