0 0.1671875 0.25234375 0.3328125 0.50390625
0 0.5140625 0.35078125 0.3640625 0.3359375
0 0.403125 0.109375 0.13828125 0.1546875
0 0.59765625 0.11484375 0.140625 0.1390625
1 0.50078125 0.021875 0.325 0.04375
1 0.5015625 0.11328125 0.04609375 0.13828125
1 0.8046875 0.115625 0.26953125 0.15078125
1 0.97265625 0.140625 0.0546875 0.15859375
0 0.82265625 0.35234375 0.246875 0.31953125
0 0.975 0.37734375 0.05 0.2875
0 0.90859375 0.71796875 0.1765625 0.3109375
1 0.753125 0.73046875 0.14296875 0.3484375
0 0.5109375 0.7390625 0.328125 0.36484375
0 0.20078125 0.7890625 0.2984375 0.28125
0 0.02265625 0.74453125 0.04453125 0.4109375
1 0.19921875 0.59765625 0.29140625 0.09453125