0 0.5109375 0.128125 0.3109375 0.1546875
0 0.82578125 0.35859375 0.34453125 0.1671875
0 0.37421875 0.3390625 0.55625 0.18984375
0 0.08359375 0.39296875 0.02578125 0.09140625
0 0.25 0.5421875 0.07265625 0.14375
0 0.478125 0.54453125 0.2265625 0.15625
0 0.82578125 0.54453125 0.34765625 0.15625
0 0.82734375 0.74296875 0.3453125 0.17734375
0 0.57890625 0.74375 0.14921875 0.1859375
0 0.19765625 0.73359375 0.1734375 0.18203125
0 0.325 0.6828125 0.08203125 0.07578125
0 0.09375 0.77265625 0.04453125 0.11484375
0 0.234375 0.928125 0.2359375 0.13671875
0 0.50234375 0.93125 0.29609375 0.13125
0 0.82421875 0.93515625 0.3484375 0.1296875
0 0.0984375 0.953125 0.028125 0.09375
1 0.83515625 0.1234375 0.3296875 0.16875
1 0.26953125 0.1359375 0.16328125 0.14453125
1 0.1703125 0.17109375 0.02578125 0.08984375
1 0.140625 0.19609375 0.02421875 0.05078125
1 0.109375 0.209375 0.01796875 0.02578125
1 0.83046875 0.25703125 0.3296875 0.0390625
1 0.625 0.54609375 0.0640625 0.15546875
1 0.3265625 0.5453125 0.065625 0.15078125
1 0.17421875 0.54296875 0.065625 0.14140625
1 0.1328125 0.578125 0.0203125 0.07421875
1 0.11015625 0.59453125 0.0109375 0.03671875
1 0.33515625 0.7796875 0.0671875 0.10625
1 0.44140625 0.73828125 0.13359375 0.184375