0 0.38203125 0.109375 0.5125 0.184375
0 0.11015625 0.14765625 0.03828125 0.134375
0 0.071875 0.171875 0.03828125 0.0765625
0 0.821875 0.115625 0.35625 0.175
0 0.8234375 0.31484375 0.35234375 0.14375
0 0.475 0.3125 0.225 0.146875
0 0.24921875 0.31796875 0.09453125 0.140625
0 0.20546875 0.51640625 0.17734375 0.18515625
0 0.1078125 0.54765625 0.03203125 0.13671875
0 0.08125 0.5765625 0.01640625 0.0953125
0 0.3390625 0.45703125 0.0921875 0.0765625
0 0.58125 0.51015625 0.15234375 0.18515625
0 0.82734375 0.50625 0.3453125 0.178125
0 0.821875 0.709375 0.35625 0.1625
0 0.50078125 0.71171875 0.27578125 0.1734375
0 0.2421875 0.7140625 0.22734375 0.17109375
0 0.1140625 0.74375 0.02734375 0.10703125
0 0.24296875 0.9046875 0.23203125 0.1453125
0 0.5046875 0.90078125 0.2828125 0.15703125
0 0.825 0.89375 0.35 0.16171875
0 0.11640625 0.91875 0.02890625 0.11484375
1 0.8109375 0.0125 0.34453125 0.02265625
1 0.16015625 0.32109375 0.07265625 0.140625
1 0.1109375 0.35859375 0.0203125 0.05859375
1 0.33046875 0.31328125 0.0625 0.153125
1 0.621875 0.30625 0.05546875 0.15703125
1 0.4296875 0.5078125 0.14296875 0.18828125
1 0.32890625 0.553125 0.0609375 0.1140625