0 0.171875 0.296875 0.2890625 0.1828125
0 0.54921875 0.28203125 0.4640625 0.18203125
0 0.29453125 0.5375 0.51796875 0.2625
0 0.7171875 0.52421875 0.33125 0.2578125
0 0.90234375 0.525 0.06640625 0.26171875
0 0.53203125 0.803125 0.65234375 0.24609375
0 0.9 0.796875 0.078125 0.2578125
0 0.36484375 0.975 0.58828125 0.04921875
0 0.16640625 0.83203125 0.096875 0.16328125
1 0.09453125 0.7953125 0.04765625 0.23203125
1 0.1625 0.7203125 0.0765625 0.0765625
0 0.03203125 0.79140625 0.0640625 0.2359375
1 0.75859375 0.97421875 0.1921875 0.0515625
1 0.81875 0.265625 0.06640625 0.2328125
1 0.90234375 0.97578125 0.05703125 0.0453125
0 0.01640625 0.53359375 0.0328125 0.2109375
0 0.015625 0.28515625 0.02734375 0.21953125
0 0.03359375 0.96484375 0.0671875 0.0703125
1 0.54921875 0.17265625 0.478125 0.03046875
1 0.1703125 0.1921875 0.28125 0.02265625