0 0.24765625 0.14765625 0.4953125 0.24765625
0 0.6875 0.14140625 0.36953125 0.2734375
0 0.91640625 0.1375 0.05390625 0.26875
0 0.88984375 0.4203125 0.05078125 0.2671875
0 0.6515625 0.41796875 0.3828125 0.246875
0 0.31953125 0.42734375 0.2625 0.24296875
0 0.1515625 0.46875 0.0875 0.16953125
0 0.034375 0.425 0.06875 0.22734375
0 0.04296875 0.66328125 0.084375 0.19453125
0 0.1796875 0.6671875 0.1875 0.20625
0 0.42890625 0.67109375 0.30546875 0.20859375
0 0.6140625 0.67109375 0.0671875 0.209375
0 0.0984375 0.91796875 0.196875 0.1640625
1 0.775 0.66875 0.2515625 0.19296875
1 0.1296875 0.346875 0.1171875 0.065625
1 0.0890625 0.4609375 0.03359375 0.17109375
1 0.5375 0.8953125 0.67109375 0.20859375
1 0.1 0.80703125 0.19609375 0.0546875