0 0.790625 0.0875 0.41875 0.17421875
0 0.43125 0.0875 0.3 0.17265625
0 0.23046875 0.08828125 0.04921875 0.175
0 0.875 0.321875 0.246875 0.25078125
0 0.7046875 0.3640625 0.09375 0.16171875
0 0.49375 0.3234375 0.15 0.24140625
0 0.16484375 0.325 0.3296875 0.228125
0 0.03046875 0.096875 0.06015625 0.19375
0 0.01328125 0.54296875 0.0234375 0.16171875
0 0.296875 0.55390625 0.37890625 0.1984375
0 0.54140625 0.56328125 0.0984375 0.19765625
0 0.79140625 0.57578125 0.4171875 0.21171875
0 0.065625 0.53125 0.0875 0.140625
0 0.3203125 0.75859375 0.0890625 0.1640625
0 0.171875 0.81484375 0.19765625 0.278125
0 0.0484375 0.8390625 0.04765625 0.20234375
0 0.609375 0.8609375 0.23125 0.26015625
0 0.4046875 0.79921875 0.08828125 0.22890625
1 0.13515625 0.09140625 0.14609375 0.18046875
1 0.26796875 0.0890625 0.0234375 0.178125
1 0.615625 0.31875 0.0875 0.2453125
1 0.7015625 0.2390625 0.09140625 0.09375
1 0.37734375 0.31953125 0.084375 0.2421875
1 0.059375 0.6203125 0.08203125 0.04140625
1 0.03828125 0.6984375 0.075 0.06875
1 0.009375 0.8375 0.01796875 0.2046875
1 0.32109375 0.89140625 0.0828125 0.1125
1 0.42109375 0.94453125 0.12109375 0.05703125
1 0.46875 0.79453125 0.03828125 0.2296875
1 0.6078125 0.70546875 0.23828125 0.03046875
1 0.86328125 0.8453125 0.2734375 0.29921875