0 0.7875 0.20234375 0.42421875 0.21484375
0 0.4234375 0.20078125 0.1890625 0.17734375
0 0.7859375 0.4546875 0.4203125 0.234375
0 0.8703125 0.71953125 0.259375 0.2296875
0 0.69609375 0.74921875 0.08359375 0.1671875
0 0.49375 0.71171875 0.13828125 0.23203125
0 0.29765625 0.7078125 0.071875 0.2203125
0 0.07578125 0.69921875 0.1515625 0.2078125
0 0.19453125 0.6828125 0.08203125 0.184375
0 0.2484375 0.67421875 0.02109375 0.165625
1 0.20546875 0.79140625 0.10703125 0.03125
1 0.24765625 0.76640625 0.021875 0.0171875
1 0.3796875 0.70703125 0.08828125 0.22578125
1 0.60859375 0.70625 0.0875 0.22890625
1 0.69609375 0.62890625 0.08671875 0.08203125
0 0.03515625 0.2125 0.06875 0.175
0 0.1015625 0.2109375 0.06015625 0.175
0 0.203125 0.20703125 0.1359375 0.17421875
0 0.0390625 0.44453125 0.07421875 0.2390625
0 0.24921875 0.434375 0.05703125 0.2296875
0 0.4359375 0.4421875 0.28203125 0.24765625
1 0.14765625 0.4421875 0.140625 0.240625
1 0.25 0.5546875 0.0546875 0.01328125
1 0.28671875 0.4328125 0.0171875 0.2484375
0 0.79296875 0.925 0.4140625 0.15
0 0.54140625 0.92265625 0.0890625 0.1546875
0 0.3015625 0.91640625 0.39453125 0.1671875
0 0.0578125 0.89921875 0.08984375 0.14296875
0 0.00625 0.90625 0.0125 0.15390625
1 0.06015625 0.98671875 0.0890625 0.02421875
1 0.5484375 0.1984375 0.05234375 0.196875
1 0.3015625 0.20234375 0.0578125 0.19375