0 0.07265625 0.1375 0.07578125 0.2671875
0 0.15234375 0.12734375 0.08125 0.2546875
0 0.2421875 0.1296875 0.0984375 0.259375
0 0.31640625 0.12421875 0.046875 0.2484375
0 0.3703125 0.128125 0.059375 0.25625
0 0.42421875 0.121875 0.05 0.24375
0 0.009375 0.16953125 0.015625 0.190625
1 0.01875 0.0375 0.034375 0.071875
1 0.0265625 0.1734375 0.01640625 0.2046875
1 0.15234375 0.2609375 0.08203125 0.0125
1 0.32109375 0.2546875 0.040625 0.0125
1 0.42734375 0.25390625 0.0609375 0.015625
1 0.475 0.13203125 0.04921875 0.26328125
1 0.74765625 0.1296875 0.18125 0.2546875
1 0.87890625 0.24765625 0.07734375 0.0234375
1 0.97578125 0.40859375 0.0484375 0.24609375
1 0.84296875 0.50703125 0.06875 0.05078125
1 0.7765625 0.51640625 0.06328125 0.034375
1 0.525 0.50078125 0.06015625 0.065625
1 0.403125 0.41484375 0.17734375 0.24453125
1 0.23515625 0.41484375 0.0609375 0.2375
0 0.1015625 0.41953125 0.20078125 0.23515625
0 0.29140625 0.4140625 0.046875 0.24140625
0 0.52421875 0.375 0.0625 0.1828125
0 0.590625 0.40859375 0.06328125 0.25
0 0.68125 0.41171875 0.1171875 0.2515625
0 0.77578125 0.39140625 0.06171875 0.21484375
0 0.84296875 0.38359375 0.06796875 0.19140625
0 0.91484375 0.409375 0.0703125 0.24296875
0 0.95859375 0.1265625 0.0796875 0.253125
0 0.878125 0.11796875 0.07734375 0.2359375
0 0.5796875 0.1296875 0.1546875 0.259375
0 0.07734375 0.6671875 0.1546875 0.2125
1 0.1734375 0.66796875 0.03203125 0.20546875
0 0.31640625 0.66953125 0.246875 0.21484375
1 0.46015625 0.66796875 0.0359375 0.21328125
0 0.509375 0.659375 0.06171875 0.1921875
0 0.5703125 0.6375 0.05546875 0.1484375
0 0.64140625 0.6375 0.06171875 0.146875
0 0.90390625 0.65703125 0.1921875 0.19140625
1 0.6078125 0.734375 0.13203125 0.05
0 0.0296875 0.921875 0.059375 0.15625
0 0.77265625 0.89453125 0.2828125 0.2109375
0 0.98046875 0.8921875 0.0390625 0.215625
1 0.93828125 0.89140625 0.04609375 0.2171875
1 0.4875 0.90078125 0.296875 0.19765625
1 0.1578125 0.89921875 0.1875 0.20078125
1 0.29375 0.85078125 0.0796875 0.09453125
1 0.03046875 0.81875 0.06015625 0.05390625
0 0.2953125 0.94921875 0.0828125 0.10078125