0 0.0609375 0.17734375 0.05234375 0.2578125
0 0.15703125 0.01015625 0.3140625 0.0203125
0 0.2890625 0.14453125 0.04921875 0.22265625
0 0.34921875 0.16171875 0.0671875 0.25390625
0 0.4421875 0.15703125 0.11484375 0.26953125
1 0.5328125 0.2609375 0.06328125 0.01484375
1 0.59921875 0.2578125 0.0671875 0.0296875
1 0.7375 0.14453125 0.084375 0.25078125
1 0.9546875 0.1328125 0.05546875 0.2359375
1 0.99140625 0.09375 0.01640625 0.16484375
1 0.28828125 0.27109375 0.04921875 0.03046875
1 0.17578125 0.171875 0.17265625 0.24375
0 0.10625 0.43125 0.2125 0.2203125
0 0.2828125 0.41953125 0.06796875 0.22734375
0 0.92265625 0.39296875 0.15390625 0.20625
0 0.7765625 0.39765625 0.11796875 0.20625
0 0.63984375 0.4 0.13203125 0.20703125
0 0.509375 0.409375 0.12734375 0.20859375
0 0.34609375 0.39375 0.0609375 0.17578125
1 0.38046875 0.49765625 0.12578125 0.028125
1 0.228125 0.42734375 0.03125 0.2203125
1 0.8359375 0.64921875 0.05 0.259375
1 0.70546875 0.6171875 0.0453125 0.18828125
1 0.69140625 0.753125 0.07734375 0.07265625
1 0.259375 0.67890625 0.29921875 0.278125
1 0.05546875 0.60859375 0.10703125 0.07109375
1 0.01171875 0.72734375 0.0234375 0.165625
0 0.546875 0.625 0.271875 0.17265625
0 0.53203125 0.75859375 0.24453125 0.08828125
0 0.7703125 0.65 0.075 0.26484375
0 0.93125 0.6390625 0.13125 0.2515625
0 0.06640625 0.7359375 0.0875 0.17421875
0 0.53359375 0.1359375 0.06328125 0.2296875
0 0.59921875 0.1296875 0.06953125 0.22109375
0 0.6640625 0.13984375 0.0578125 0.24453125
0 0.9921875 0.21953125 0.015625 0.08515625
1 0.01484375 0.18046875 0.028125 0.26640625
0 0.415625 0.39375 0.06171875 0.17734375
1 0.38046875 0.39375 0.009375 0.17734375
0 0.85234375 0.1421875 0.14296875 0.26015625