0 0.66484375 0.21171875 0.28359375 0.08203125
0 0.7171875 0.4375 0.2125 0.153125
0 0.83203125 0.325 0.08359375 0.06875
0 0.91015625 0.4328125 0.1734375 0.1453125
0 0.08125 0.44375 0.1625 0.12734375
0 0.096875 0.625 0.1921875 0.16015625
0 0.6765625 0.63359375 0.15546875 0.1703125
0 0.87578125 0.6359375 0.2421875 0.1609375
0 0.846875 0.85390625 0.18515625 0.19140625
0 0.67890625 0.88984375 0.14453125 0.1078125
0 0.521875 0.840625 0.103125 0.19296875
0 0.12890625 0.825 0.21328125 0.18046875
0 0.14296875 0.2078125 0.2859375 0.096875
0 0.1734375 0.9734375 0.3328125 0.05234375
0 0.48203125 0.98125 0.2671875 0.03671875
0 0.740625 0.14765625 0.07421875 0.04375
1 0.14453125 0.134375 0.2875 0.03671875
1 0.40390625 0.1796875 0.21875 0.13828125
1 0.60859375 0.134375 0.18125 0.06328125
1 0.90390625 0.17734375 0.1875 0.1578125
1 0.75703125 0.1125 0.10078125 0.03125
1 0.790625 0.14765625 0.0421875 0.03515625
1 0.3859375 0.39921875 0.4453125 0.21484375
1 0.07890625 0.33515625 0.1578125 0.0828125
1 0.7015625 0.3203125 0.18125 0.07109375
1 0.934375 0.31953125 0.11953125 0.06171875
1 0.3953125 0.62578125 0.3953125 0.1625
1 0.00859375 0.81796875 0.0171875 0.1796875
1 0.353125 0.83359375 0.22734375 0.184375
1 0.6640625 0.790625 0.1703125 0.078125
1 0.59296875 0.8890625 0.021875 0.10546875
1 0.9640625 0.85390625 0.06640625 0.1828125