0 0.046875 0.05234375 0.08984375 0.103125
0 0.2328125 0.04453125 0.1 0.0890625
0 0.41953125 0.0390625 0.2046875 0.078125
1 0.54375 0.03515625 0.04375 0.0703125
1 0.1375 0.0484375 0.08515625 0.09375
1 0.29765625 0.0421875 0.03203125 0.084375
1 0.696875 0.03515625 0.071875 0.06953125
1 0.41953125 0.31875 0.115625 0.02734375
1 0.08515625 0.328125 0.05 0.03046875
1 0.853125 0.21796875 0.0875 0.24453125
1 0.978125 0.21796875 0.040625 0.25078125
1 0.790625 0.46484375 0.04921875 0.2046875
1 0.79609375 0.71875 0.21328125 0.2546875
1 0.94921875 0.63671875 0.0984375 0.0828125
1 0.65390625 0.6265625 0.06796875 0.07109375
1 0.58671875 0.60703125 0.0609375 0.0390625
1 0.53515625 0.62578125 0.0359375 0.07890625
1 0.36640625 0.6015625 0.04765625 0.03828125
1 0.0859375 0.596875 0.071875 0.0359375
1 0.08125 0.63359375 0.02265625 0.0296875
1 0.025 0.59140625 0.046875 0.0234375
1 0.25 0.53984375 0.05234375 0.0359375
1 0.38125 0.46171875 0.03984375 0.20078125
0 0.61328125 0.03515625 0.0890625 0.0703125
0 0.8671875 0.03515625 0.265625 0.0703125
0 0.9265625 0.21796875 0.05390625 0.2453125
0 0.64296875 0.215625 0.3296875 0.240625
0 0.41953125 0.20078125 0.12109375 0.20078125
0 0.26171875 0.22734375 0.1953125 0.225
0 0.13828125 0.23203125 0.04921875 0.2265625
0 0.0859375 0.215625 0.053125 0.190625
0 0.02890625 0.23203125 0.05625 0.215625
0 0.034375 0.459375 0.06875 0.190625
0 0.146875 0.4609375 0.15 0.18828125
0 0.25078125 0.440625 0.0546875 0.15546875
0 0.31875 0.4609375 0.0796875 0.19609375
0 0.58515625 0.4609375 0.36171875 0.2078125
0 0.90859375 0.4640625 0.18046875 0.209375
0 0.95234375 0.7640625 0.09453125 0.16484375
0 0.5875 0.73359375 0.06484375 0.2078125
0 0.65546875 0.753125 0.065625 0.1765625
0 0.5359375 0.75234375 0.0421875 0.16953125
0 0.4515625 0.71015625 0.121875 0.2515625
0 0.36484375 0.72421875 0.046875 0.2
0 0.2328125 0.70234375 0.21328125 0.240625
0 0.1109375 0.71796875 0.03359375 0.20078125
0 0.08125 0.73125 0.021875 0.1546875
0 0.02421875 0.7046875 0.04765625 0.2015625