0 0.1 0.18359375 0.1984375 0.1640625
0 0.9734375 0.171875 0.053125 0.18359375
0 0.79375 0.16953125 0.14453125 0.18125
0 0.9125 0.1625 0.0515625 0.159375
1 0.875 0.1671875 0.0171875 0.175
1 0.69765625 0.1703125 0.04609375 0.1765625
1 0.53671875 0.16796875 0.040625 0.18046875
1 0.3578125 0.1734375 0.0484375 0.17734375
1 0.26171875 0.403125 0.028125 0.234375
1 0.48359375 0.396875 0.0359375 0.23828125
1 0.62578125 0.39765625 0.0546875 0.24609375
1 0.10703125 0.40625 0.0890625 0.2265625
0 0.02890625 0.4109375 0.05703125 0.22890625
0 0.1984375 0.40546875 0.0875 0.23203125
0 0.3703125 0.39921875 0.1828125 0.23671875
0 0.6828125 0.3953125 0.04765625 0.24140625
0 0.7453125 0.38515625 0.07578125 0.22265625
0 0.8328125 0.390625 0.090625 0.23828125
0 0.94140625 0.3890625 0.0484375 0.23203125
0 0.89296875 0.38359375 0.0296875 0.22265625
1 0.9828125 0.4984375 0.034375 0.01015625
1 0.89765625 0.5015625 0.03671875 0.01171875
1 0.74765625 0.50390625 0.07890625 0.0140625
1 0.99609375 0.38203125 0.0078125 0.21875
0 0.978125 0.3828125 0.0234375 0.22265625
0 0.265625 0.18046875 0.12578125 0.17421875
0 0.4515625 0.17265625 0.1328125 0.18125
0 0.615625 0.1671875 0.11328125 0.1765625
0 0.98359375 0.60859375 0.0328125 0.16015625
1 0.98359375 0.71640625 0.0328125 0.0484375
1 0.9125 0.6359375 0.103125 0.2125
1 0.76875 0.63984375 0.08203125 0.2140625
1 0.8359375 0.73671875 0.04609375 0.02109375
0 0.8359375 0.6296875 0.04921875 0.19375
0 0.6390625 0.64453125 0.17421875 0.215625
1 0.54609375 0.64296875 0.01171875 0.21640625
1 0.3671875 0.73671875 0.109375 0.0359375
0 0.48203125 0.64609375 0.11171875 0.21328125
0 0.36640625 0.6265625 0.115625 0.1796875
0 0.2203125 0.646875 0.17890625 0.2125
0 0.0984375 0.6484375 0.0609375 0.2109375
0 0.01015625 0.64609375 0.01953125 0.20703125
0 0.04453125 0.62578125 0.0421875 0.1765625
1 0.04296875 0.73515625 0.0453125 0.034375
0 0.00859375 0.8703125 0.0171875 0.196875
0 0.09140625 0.8703125 0.14453125 0.1921875
0 0.2671875 0.87265625 0.0859375 0.19453125
0 0.19375 0.85078125 0.06015625 0.15390625
1 0.19375 0.9484375 0.05546875 0.03828125
0 0.5234375 0.875 0.33984375 0.1953125
1 0.33203125 0.87109375 0.0390625 0.19609375
1 0.721875 0.87265625 0.05078125 0.19375
0 0.86484375 0.87109375 0.23203125 0.1953125
1 0.9890625 0.94453125 0.015625 0.053125
0 0.990625 0.83984375 0.01875 0.146875