0 0.12421875 0.3375 0.2484375 0.175
1 0.26953125 0.33046875 0.03515625 0.1796875
0 0.32578125 0.328125 0.0734375 0.1765625
0 0.40625 0.325 0.0796875 0.18203125
0 0.6484375 0.31953125 0.1 0.178125
0 0.884375 0.3171875 0.19453125 0.18359375
0 0.7375 0.31796875 0.071875 0.1859375
1 0.99140625 0.3171875 0.0171875 0.1875
1 0.7796875 0.315625 0.01171875 0.18515625
1 0.70390625 0.56875 0.1203125 0.26640625
1 0.8984375 0.565625 0.03515625 0.2640625
1 0.278125 0.840625 0.4234375 0.24609375
1 0.61171875 0.94375 0.07734375 0.0453125
1 0.9671875 0.9453125 0.065625 0.0484375
0 0.96640625 0.8203125 0.0671875 0.196875
0 0.79296875 0.84765625 0.28359375 0.24453125
0 0.61015625 0.82421875 0.08046875 0.190625
0 0.53203125 0.846875 0.08046875 0.24140625
0 0.03203125 0.83359375 0.0640625 0.23359375
0 0.95703125 0.58359375 0.08203125 0.22578125
0 0.82265625 0.5875 0.1140625 0.22109375
0 0.51953125 0.59296875 0.24765625 0.22421875
0 0.196875 0.60703125 0.39375 0.1890625
0 0.47578125 0.99140625 0.24453125 0.0171875
0 0.178125 0.9859375 0.35546875 0.028125
1 0.196875 0.4828125 0.38984375 0.05234375
1 0.5203125 0.459375 0.2453125 0.0296875
1 0.8234375 0.45703125 0.1109375 0.03203125
1 0.959375 0.44921875 0.078125 0.025
0 0.5234375 0.34140625 0.153125 0.15234375
1 0.5234375 0.2453125 0.1515625 0.0234375