0 0.11953125 0.05859375 0.23515625 0.1171875
0 0.31171875 0.046875 0.06875 0.0921875
0 0.38984375 0.04765625 0.08828125 0.0953125
0 0.56171875 0.0453125 0.2609375 0.08984375
0 0.8828125 0.046875 0.2 0.09375
0 0.7359375 0.04609375 0.0875 0.0921875
1 0.99296875 0.0453125 0.0140625 0.090625
1 0.25703125 0.053125 0.03125 0.1046875
1 0.69375 0.25 0.12265625 0.26953125
1 0.890625 0.2484375 0.0390625 0.27265625
0 0.9546875 0.27421875 0.0890625 0.215625
0 0.81171875 0.2734375 0.11171875 0.2234375
0 0.50703125 0.27734375 0.24609375 0.21640625
0 0.19140625 0.2953125 0.38203125 0.1921875
0 0.0359375 0.52265625 0.071875 0.2234375
0 0.5203125 0.53125 0.078125 0.2359375
1 0.2765625 0.53046875 0.4015625 0.23671875
1 0.60234375 0.62734375 0.08046875 0.04375
0 0.6015625 0.5078125 0.08359375 0.19453125
0 0.68125 0.52890625 0.07421875 0.23828125
0 0.81640625 0.528125 0.19765625 0.2375
0 0.95546875 0.5078125 0.08671875 0.2
1 0.9578125 0.6265625 0.08125 0.03671875
1 0.9078125 0.775 0.04609375 0.2078125
0 0.96640625 0.771875 0.06640625 0.2109375
0 0.840625 0.775 0.08046875 0.2046875
0 0.765625 0.753125 0.06640625 0.16640625
0 0.690625 0.7640625 0.0734375 0.1921875
0 0.61328125 0.77578125 0.07578125 0.20390625
1 0.690625 0.871875 0.075 0.021875
1 0.76484375 0.8578125 0.06640625 0.0421875
1 0.5609375 0.77734375 0.02265625 0.21640625
1 0.46484375 0.77578125 0.0203125 0.21484375
1 0.19609375 0.846875 0.07734375 0.04765625
1 0.34296875 0.85859375 0.08515625 0.02734375
0 0.41953125 0.77265625 0.06796875 0.2109375
0 0.5125 0.7765625 0.07109375 0.2125
0 0.3421875 0.75390625 0.084375 0.17265625
0 0.2671875 0.76484375 0.0625 0.20546875
0 0.196875 0.7421875 0.07734375 0.15859375
0 0.08359375 0.75703125 0.14296875 0.20078125
0 0.0078125 0.73046875 0.015625 0.14765625
0 0.05 0.93984375 0.1 0.1203125
0 0.125 0.9640625 0.046875 0.071875
1 0.1265625 0.90703125 0.0453125 0.04296875
1 0.23671875 0.94375 0.1765625 0.1125
1 0.40703125 0.9484375 0.16015625 0.103125
1 0.5921875 0.95390625 0.0328125 0.0921875
1 0.53125 0.9203125 0.0859375 0.0234375
0 0.53125 0.9671875 0.08515625 0.065625
0 0.7359375 0.95390625 0.25 0.0921875
0 0.95859375 0.95390625 0.0828125 0.0890625
0 0.8921875 0.97578125 0.06171875 0.0484375
1 0.8890625 0.928125 0.05390625 0.0453125
1 0.1921875 0.171875 0.38046875 0.05625
1 0.509375 0.146875 0.24609375 0.04140625
1 0.81328125 0.1390625 0.1078125 0.04453125
1 0.95546875 0.14453125 0.08203125 0.040625