0 0.20234375 0.0421875 0.40390625 0.084375
0 0.52890625 0.0390625 0.2671875 0.078125
0 0.8546875 0.03828125 0.12265625 0.07578125
0 0.9734375 0.03671875 0.05 0.07265625
1 0.728125 0.040625 0.121875 0.08125
1 0.934375 0.040625 0.0328125 0.075
1 0.971875 0.34296875 0.05625 0.04140625
0 0.9703125 0.2140625 0.059375 0.21875
0 0.84375 0.23046875 0.19609375 0.25703125
0 0.70078125 0.2265625 0.08515625 0.2515625
0 0.621875 0.21015625 0.0734375 0.21171875
0 0.54375 0.22578125 0.08359375 0.24609375
1 0.29765625 0.22421875 0.40390625 0.24765625
0 0.0453125 0.234375 0.090625 0.234375
0 0.02421875 0.44921875 0.04765625 0.153125
0 0.1171875 0.471875 0.1359375 0.19765625
1 0.02421875 0.54765625 0.04765625 0.0390625
1 0.2234375 0.5546875 0.07578125 0.04140625
0 0.225 0.45078125 0.075 0.16015625
0 0.371875 0.478125 0.21484375 0.20859375
1 0.48984375 0.48125 0.01875 0.21015625
0 0.5390625 0.48046875 0.07421875 0.21328125
1 0.5859375 0.48203125 0.01953125 0.21484375
0 0.67421875 0.4828125 0.1515625 0.215625
0 0.7890625 0.465625 0.0734375 0.17421875
0 0.86953125 0.48828125 0.08515625 0.21015625
1 0.7890625 0.571875 0.0765625 0.03828125
1 0.934375 0.4890625 0.04140625 0.2109375
0 0.978125 0.48984375 0.04375 0.21328125
0 0.96796875 0.7578125 0.06328125 0.259375
0 0.90703125 0.7796875 0.05625 0.22265625
1 0.90703125 0.64375 0.06015625 0.04140625
0 0.75234375 0.75078125 0.246875 0.26640625
1 0.61328125 0.7484375 0.02421875 0.26875
1 0.5421875 0.6265625 0.1171875 0.0265625
0 0.540625 0.75703125 0.11796875 0.23359375
1 0.34296875 0.734375 0.27265625 0.26796875
1 0.17109375 0.61796875 0.07109375 0.0421875
1 0.19296875 0.67265625 0.025 0.06015625
1 0.19765625 0.71640625 0.01484375 0.02265625
0 0.15703125 0.7390625 0.040625 0.19375
0 0.1984375 0.7875 0.01484375 0.12109375
0 0.18203125 0.77734375 0.0109375 0.1453125
0 0.05234375 0.6703125 0.1046875 0.165625
0 0.08515625 0.77734375 0.05625 0.04296875
1 0.028125 0.78828125 0.05234375 0.07578125
1 0.084375 0.81875 0.05859375 0.0375
1 0.625 0.33515625 0.06875 0.03828125
0 0.121875 0.67421875 0.03046875 0.16484375
0 0.1265625 0.79609375 0.02421875 0.07421875