0 0.05546875 0.10546875 0.109375 0.209375
0 0.1890625 0.10390625 0.15078125 0.20625
0 0.3375 0.0984375 0.14453125 0.196875
0 0.50390625 0.1 0.18125 0.19921875
0 0.8265625 0.10703125 0.34609375 0.20703125
0 0.6234375 0.0921875 0.059375 0.184375
1 0.62265625 0.19375 0.05625 0.0171875
1 0.84921875 0.3484375 0.30078125 0.2484375
0 0.659375 0.35 0.07109375 0.24296875
1 0.61640625 0.34765625 0.01171875 0.25078125
0 0.52578125 0.3453125 0.16171875 0.234375
0 0.3796875 0.32421875 0.13203125 0.2
0 0.234375 0.34375 0.1515625 0.2265625
1 0.37734375 0.44296875 0.12890625 0.034375
0 0.0796875 0.34375 0.15859375 0.2203125
0 0.9265625 0.6 0.14609375 0.2109375
0 0.81015625 0.578125 0.0828125 0.17265625
0 0.69609375 0.59296875 0.14140625 0.20625
1 0.809375 0.6859375 0.08125 0.03671875
0 0.590625 0.56796875 0.06484375 0.16328125
0 0.5171875 0.58984375 0.071875 0.203125
1 0.5890625 0.67421875 0.0671875 0.04453125
0 0.41640625 0.5640625 0.13125 0.15703125
1 0.41484375 0.6671875 0.13203125 0.046875
1 0.34453125 0.5890625 0.01484375 0.20625
0 0.259375 0.58203125 0.15078125 0.19921875
1 0.090625 0.57578125 0.18125 0.196875
0 0.04296875 0.80625 0.0859375 0.25
0 0.11640625 0.7890625 0.05703125 0.21484375
0 0.2203125 0.83359375 0.1453125 0.28125
1 0.11796875 0.921875 0.06015625 0.04453125
0 0.35859375 0.8484375 0.1328125 0.2375
1 0.36015625 0.71015625 0.1265625 0.0375
0 0.47421875 0.81796875 0.0921875 0.209375
0 0.565625 0.80703125 0.08671875 0.1765625
0 0.65546875 0.82890625 0.09375 0.2140625
1 0.47578125 0.94375 0.09453125 0.0421875
1 0.5640625 0.93359375 0.0859375 0.0734375
1 0.65703125 0.96171875 0.1015625 0.04375
1 0.70859375 0.8328125 0.00859375 0.2078125
1 0.7640625 0.7515625 0.09921875 0.0515625
0 0.7640625 0.88046875 0.09765625 0.20859375
1 0.90703125 0.8609375 0.18515625 0.26875