0 0.98515625 0.17890625 0.0296875 0.19453125
0 0.90703125 0.19765625 0.12421875 0.1546875
0 0.7859375 0.19609375 0.11328125 0.14765625
0 0.63359375 0.1984375 0.190625 0.14140625
0 0.46171875 0.20078125 0.15390625 0.1421875
1 0.29453125 0.18515625 0.17734375 0.1796875
0 0.103125 0.1921875 0.20546875 0.175
0 0.0375 0.4234375 0.07421875 0.2421875
0 0.88203125 0.4484375 0.2359375 0.18359375
0 0.67578125 0.44765625 0.1703125 0.18359375
0 0.5625 0.4375 0.05703125 0.165625
1 0.56171875 0.53125 0.05546875 0.0171875
0 0.446875 0.44921875 0.1703125 0.18515625
0 0.28828125 0.41953125 0.14296875 0.24453125
0 0.1453125 0.42265625 0.14140625 0.23203125
0 0.03671875 0.421875 0.0734375 0.2375
0 0.05625 0.66953125 0.1125 0.215625
0 0.19296875 0.67421875 0.15546875 0.22265625
0 0.3328125 0.65703125 0.125 0.18984375
1 0.334375 0.76953125 0.12578125 0.03515625
0 0.475 0.675 0.153125 0.22578125
0 0.603125 0.6765625 0.0765625 0.2296875
1 0.559375 0.67578125 0.0140625 0.22890625
1 0.82109375 0.671875 0.35703125 0.221875
1 0.7578125 0.98515625 0.0828125 0.0296875
0 0.90078125 0.9046875 0.1984375 0.190625
0 0.7578125 0.89140625 0.0828125 0.1578125
0 0.64296875 0.90703125 0.14296875 0.18515625
0 0.53515625 0.890625 0.06875 0.1515625
0 0.46640625 0.90703125 0.06953125 0.1859375
1 0.53671875 0.98359375 0.06796875 0.03203125
0 0.365625 0.890625 0.13359375 0.15390625
0 0.2078125 0.90390625 0.153125 0.184375
1 0.365625 0.98515625 0.13359375 0.0296875
1 0.29296875 0.90546875 0.015625 0.1875
1 0.06484375 0.8984375 0.1296875 0.19453125
1 0.675 0.10546875 0.575 0.0328125
1 0.6828125 0.3203125 0.634375 0.05703125