0 0.0234375 0.2953125 0.04609375 0.134375
0 0.9484375 0.27890625 0.103125 0.15
1 0.83515625 0.2515625 0.115625 0.203125
0 0.66953125 0.24921875 0.21171875 0.21328125
0 0.38515625 0.2828125 0.20859375 0.13515625
0 0.121875 0.28671875 0.11171875 0.13515625
1 0.52421875 0.28046875 0.06953125 0.12734375
1 0.2296875 0.2828125 0.096875 0.13515625
0 0.97109375 0.53515625 0.0578125 0.18828125
0 0.8671875 0.50234375 0.146875 0.26015625
0 0.71328125 0.50390625 0.15234375 0.2640625
0 0.546875 0.5015625 0.1734375 0.2640625
0 0.296875 0.50390625 0.33203125 0.26171875
1 0.06328125 0.5046875 0.1265625 0.25625
0 0.9765625 0.77265625 0.046875 0.2390625
0 0.88515625 0.7546875 0.13828125 0.1921875
0 0.740625 0.77734375 0.15546875 0.23671875
1 0.88515625 0.87109375 0.134375 0.0375
0 0.5765625 0.7796875 0.17265625 0.24140625
0 0.4515625 0.76953125 0.0734375 0.22109375
0 0.30703125 0.76015625 0.21640625 0.19921875
1 0.45390625 0.89140625 0.07265625 0.02265625
1 0.30703125 0.88359375 0.21640625 0.04375
1 0.18046875 0.78359375 0.03515625 0.240625
0 0.08125 0.7765625 0.16015625 0.24296875
0 0.11484375 0.9609375 0.0828125 0.078125
0 0.8375 0.9578125 0.32421875 0.08359375
1 0.41953125 0.9640625 0.5125 0.071875
1 0.03515625 0.9609375 0.0703125 0.078125
1 0.0578125 0.29296875 0.02265625 0.134375
1 0.28046875 0.1859375 0.55625 0.059375
1 0.946875 0.17578125 0.10625 0.053125
1 0.97109375 0.4046875 0.0578125 0.0609375