0 0.98515625 0.175 0.02890625 0.27734375
0 0.8953125 0.17265625 0.14453125 0.27734375
0 0.73984375 0.16875 0.16484375 0.28125
0 0.56875 0.16953125 0.17421875 0.27890625
0 0.30859375 0.17578125 0.34296875 0.2734375
1 0.06796875 0.1828125 0.1359375 0.271875
0 0.09375 0.009375 0.18671875 0.01796875
0 0.9828125 0.4515625 0.03359375 0.2390625
0 0.9015625 0.43515625 0.1296875 0.20234375
0 0.7578125 0.45390625 0.15234375 0.2453125
1 0.9 0.5546875 0.12890625 0.03125
0 0.59453125 0.45234375 0.16796875 0.24296875
0 0.471875 0.4453125 0.075 0.228125
0 0.32578125 0.440625 0.21640625 0.20625
1 0.3265625 0.55859375 0.21328125 0.02734375
1 0.47109375 0.56640625 0.07421875 0.015625
1 0.203125 0.4578125 0.02890625 0.23984375
0 0.09453125 0.46015625 0.18828125 0.23515625
0 0.909375 0.6765625 0.1390625 0.15546875
0 0.9890625 0.68828125 0.02109375 0.18203125
0 0.76328125 0.70546875 0.15078125 0.2046875
1 0.90859375 0.7796875 0.13671875 0.05078125
1 0.9890625 0.79140625 0.021875 0.01796875
1 0.43828125 0.7046875 0.49296875 0.20546875
0 0.1453125 0.70703125 0.0859375 0.2046875
1 0.0546875 0.70546875 0.09140625 0.20234375
0 0.00390625 0.709375 0.0078125 0.209375
0 0.95859375 0.915625 0.0828125 0.16875
0 0.83515625 0.92890625 0.16171875 0.14140625
0 0.61796875 0.9171875 0.2734375 0.165625
1 0.83671875 0.84140625 0.15703125 0.0296875
0 0.4375 0.92734375 0.090625 0.1453125
1 0.43515625 0.84453125 0.0890625 0.0125
0 0.35078125 0.9203125 0.0828125 0.159375
0 0.22890625 0.9375 0.1578125 0.125
0 0.10078125 0.9171875 0.1 0.165625
0 0.0234375 0.94140625 0.046875 0.1171875
1 0.02578125 0.85859375 0.05 0.05
1 0.228125 0.85390625 0.153125 0.034375