0 0.309375 0.05078125 0.3421875 0.1
0 0.92109375 0.04921875 0.1578125 0.0984375
0 0.75859375 0.05078125 0.171875 0.1
0 0.578125 0.04921875 0.190625 0.09765625
1 0.0703125 0.0546875 0.13828125 0.109375
0 0.99140625 0.24921875 0.01640625 0.2484375
0 0.9171875 0.23125 0.12890625 0.2203125
0 0.7703125 0.25 0.15703125 0.25
0 0.60703125 0.24921875 0.1671875 0.25546875
0 0.4828125 0.24921875 0.08671875 0.25
0 0.33046875 0.2421875 0.221875 0.2140625
1 0.32890625 0.36484375 0.21640625 0.028125
1 0.2015625 0.2578125 0.03359375 0.2484375
0 0.09375 0.26328125 0.1875 0.24375
1 0.915625 0.35859375 0.128125 0.03203125
1 0.92890625 0.58515625 0.1421875 0.046875
0 0.92734375 0.48203125 0.14453125 0.16015625
0 0.77890625 0.50625 0.159375 0.20390625
1 0.44609375 0.5109375 0.49609375 0.2109375
0 0.153125 0.5140625 0.08359375 0.203125
0 0.0140625 0.49453125 0.028125 0.1640625
1 0.015625 0.6 0.03046875 0.03828125
1 0.07109375 0.51640625 0.0796875 0.20390625
0 0.1125 0.7859375 0.125 0.271875
0 0.02578125 0.80859375 0.05078125 0.21953125
0 0.2125 0.79375 0.07734375 0.240625
1 0.02578125 0.67109375 0.05078125 0.05390625
1 0.2140625 0.659375 0.0765625 0.03046875
1 0.29609375 0.6609375 0.08828125 0.034375
1 0.290625 0.8953125 0.0671875 0.025
0 0.28828125 0.78125 0.0765625 0.20234375
0 0.33515625 0.79375 0.01640625 0.22734375
0 0.375 0.77421875 0.0625 0.265625
0 0.4515625 0.7828125 0.08828125 0.25
0 0.55 0.77890625 0.103125 0.278125
1 0.453125 0.64921875 0.08984375 0.01328125
0 0.64296875 0.75078125 0.08203125 0.22109375
0 0.73828125 0.77265625 0.10390625 0.2671875
1 0.64375 0.884375 0.084375 0.04296875
1 0.85390625 0.6515625 0.12578125 0.028125
0 0.85390625 0.7859375 0.125 0.2359375
0 0.95078125 0.76875 0.0671875 0.26796875
0 0.99140625 0.73828125 0.0171875 0.21015625
1 0.9921875 0.86875 0.0140625 0.04921875