0 0.53203125 0.240625 0.103125 0.2015625
0 0.69140625 0.296875 0.1515625 0.10703125
0 0.86015625 0.25625 0.18203125 0.196875
0 0.8796875 0.05546875 0.23984375 0.109375
0 0.68203125 0.05703125 0.16015625 0.1125
0 0.77890625 0.49375 0.1453125 0.15625
0 0.92421875 0.52421875 0.14765625 0.1
0 0.9546875 0.6875 0.090625 0.1625
0 0.8171875 0.6875 0.178125 0.16796875
0 0.67421875 0.68671875 0.1109375 0.1671875
0 0.47890625 0.68515625 0.2703125 0.15546875
0 0.20078125 0.67734375 0.2765625 0.1640625
0 0.0296875 0.6703125 0.059375 0.14609375
0 0.08671875 0.84140625 0.1734375 0.14296875
0 0.4703125 0.8609375 0.2734375 0.1390625
0 0.8078125 0.87265625 0.384375 0.14296875
0 0.04140625 0.9625 0.0828125 0.075
0 0.2984375 0.9734375 0.09140625 0.04765625
0 0.659375 0.978125 0.2625 0.04375
0 0.9125 0.9875 0.07421875 0.025
0 0.0765625 0.05703125 0.153125 0.1125
0 0.13515625 0.24921875 0.2546875 0.19453125
1 0.37734375 0.05546875 0.4390625 0.10625
1 0.37265625 0.25078125 0.21015625 0.190625
1 0.97734375 0.25703125 0.040625 0.19921875
1 0.59921875 0.24296875 0.0234375 0.203125
1 0.015625 0.47421875 0.03125 0.1703125
0 0.19453125 0.475 0.3140625 0.18828125
0 0.484375 0.47265625 0.2546875 0.19140625
1 0.6609375 0.48125 0.0796875 0.1859375
1 0.78125 0.4015625 0.14140625 0.01875
1 0.92421875 0.43203125 0.14921875 0.07265625
1 0.25390625 0.85078125 0.1515625 0.14296875
1 0.16328125 0.9625 0.1671875 0.07265625
1 0.4328125 0.97421875 0.175 0.0515625