0 0.04921875 0.0234375 0.0984375 0.046875
0 0.13515625 0.0328125 0.0765625 0.065625
0 0.31484375 0.025 0.2734375 0.05
0 0.56640625 0.025 0.2203125 0.05
0 0.71953125 0.02265625 0.09140625 0.0453125
0 0.95625 0.0234375 0.0875 0.046875
1 0.8390625 0.02265625 0.15 0.0453125
1 0.04765625 0.05703125 0.09375 0.02109375
1 0.0078125 0.21875 0.015625 0.2453125
1 0.0234375 0.290625 0.01328125 0.09375
0 0.0234375 0.16875 0.01328125 0.1515625
0 0.14921875 0.215625 0.234375 0.246875
0 0.36796875 0.2125 0.19921875 0.25078125
0 0.56640625 0.209375 0.196875 0.25625
0 0.79765625 0.209375 0.2609375 0.265625
0 0.9640625 0.19765625 0.071875 0.2390625
1 0.9640625 0.3359375 0.07109375 0.03046875
1 0.95078125 0.48671875 0.0984375 0.22421875
1 0.7375 0.48125 0.14453125 0.22890625
0 0.85546875 0.484375 0.0875 0.21640625
0 0.59453125 0.48046875 0.134375 0.22734375
0 0.35234375 0.47421875 0.0828125 0.21953125
0 0.1546875 0.46953125 0.309375 0.215625
0 0.07578125 0.7203125 0.14765625 0.2625
0 0.359375 0.74296875 0.28203125 0.28515625
0 0.54921875 0.78515625 0.0953125 0.20703125
0 0.78828125 0.76484375 0.1671875 0.284375
0 0.92109375 0.78828125 0.0953125 0.24609375
0 0.98515625 0.771875 0.0296875 0.215625
1 0.93515625 0.64296875 0.12890625 0.04140625
1 0.98515625 0.89453125 0.0296875 0.0234375
1 0.65 0.7609375 0.10390625 0.2859375
1 0.5484375 0.64140625 0.09375 0.075
0 0.1703125 0.7375 0.0375 0.24140625
0 0.20390625 0.7546875 0.025 0.21796875
1 0.20390625 0.62265625 0.025 0.04453125
1 0.17109375 0.6046875 0.03828125 0.0234375