0 0.02421875 0.09453125 0.04765625 0.1890625
0 0.29296875 0.0890625 0.29453125 0.17734375
0 0.9015625 0.08828125 0.11875 0.1765625
0 0.98828125 0.08828125 0.0234375 0.1703125
0 0.675 0.08515625 0.278125 0.1703125
0 0.48828125 0.08828125 0.09609375 0.1734375
1 0.83046875 0.0875 0.0296875 0.17421875
1 0.97109375 0.0875 0.0140625 0.175
1 0.1 0.09609375 0.09609375 0.18359375
1 0.79921875 0.3390625 0.134375 0.2734375
0 0.93359375 0.334375 0.12578125 0.27890625
0 0.6875 0.33359375 0.0828125 0.27734375
0 0.53671875 0.33359375 0.21015625 0.275
0 0.30234375 0.3359375 0.2625 0.26796875
0 0.0484375 0.3234375 0.09609375 0.228125
0 0.1359375 0.3390625 0.06171875 0.26953125
1 0.0515625 0.45703125 0.09140625 0.02890625
1 0.9421875 0.73359375 0.115625 0.04609375
0 0.940625 0.60390625 0.11875 0.2046875
0 0.7609375 0.628125 0.24609375 0.2609375
0 0.53828125 0.62109375 0.1953125 0.253125
0 0.34609375 0.6171875 0.18828125 0.24140625
0 0.13515625 0.6109375 0.228125 0.24609375
1 0.01171875 0.5984375 0.02265625 0.2265625
1 0.43203125 0.8734375 0.13359375 0.22578125
0 0.13984375 0.85078125 0.2796875 0.2296875
0 0.3203125 0.8671875 0.0859375 0.221875
0 0.56953125 0.87421875 0.13359375 0.2265625
0 0.825 0.88125 0.0828125 0.21640625
1 0.93203125 0.88671875 0.1328125 0.2234375
1 0.70859375 0.8796875 0.14375 0.2234375