0 0.02734375 0.27734375 0.05390625 0.19921875
0 0.29921875 0.2703125 0.28125 0.2
0 0.490625 0.2875 0.09453125 0.1578125
0 0.675 0.2921875 0.2671875 0.14140625
0 0.89765625 0.29453125 0.1125 0.14453125
0 0.98671875 0.2921875 0.0265625 0.13984375
1 0.96484375 0.29375 0.0203125 0.146875
1 0.8265625 0.29296875 0.028125 0.14609375
1 0.1078125 0.275 0.10234375 0.2
1 0.0515625 0.63671875 0.0984375 0.03359375
0 0.053125 0.5078125 0.10078125 0.221875
0 0.1390625 0.52578125 0.065625 0.25546875
0 0.30625 0.5265625 0.2609375 0.26171875
0 0.54296875 0.52578125 0.2109375 0.2671875
0 0.69140625 0.52265625 0.0828125 0.26953125
0 0.93515625 0.5265625 0.12890625 0.278125
1 0.8 0.525 0.1328125 0.275
0 0.94765625 0.7890625 0.1046875 0.2125
1 0.94765625 0.9203125 0.1046875 0.04609375
0 0.7671875 0.81171875 0.2484375 0.24921875
0 0.540625 0.81328125 0.1984375 0.2515625
0 0.3453125 0.80625 0.19140625 0.253125
0 0.13125 0.79609375 0.23359375 0.24609375
1 0.00703125 0.78984375 0.0140625 0.23984375
0 0.12578125 0.9640625 0.2515625 0.071875
0 0.31015625 0.97421875 0.10546875 0.0515625
0 0.57421875 0.97734375 0.14296875 0.04453125
0 0.84453125 0.98203125 0.0828125 0.03515625
1 0.7234375 0.97890625 0.146875 0.0421875
1 0.43046875 0.97421875 0.1390625 0.0515625
1 0.94453125 0.9828125 0.11015625 0.03203125
1 0.7234375 0.18203125 0.55078125 0.05