0 0.96875 0.27109375 0.0625 0.16328125
0 0.79921875 0.253125 0.27265625 0.2
0 0.425 0.24921875 0.18359375 0.19921875
0 0.25625 0.25078125 0.15078125 0.14921875
0 0.05546875 0.25546875 0.10859375 0.15546875
1 0.1453125 0.2515625 0.0671875 0.1453125
1 0.59140625 0.22578125 0.13984375 0.2390625
0 0.83828125 0.52734375 0.3234375 0.303125
1 0.66328125 0.52578125 0.021875 0.3015625
0 0.61015625 0.5234375 0.0796875 0.3109375
0 0.49453125 0.509375 0.1484375 0.2640625
0 0.3828125 0.521875 0.075 0.29140625
1 0.49921875 0.6578125 0.14140625 0.0359375
0 0.16484375 0.46484375 0.25078125 0.21796875
0 0.171875 0.71796875 0.27265625 0.21875
0 0.01640625 0.71328125 0.03203125 0.22265625
0 0.06171875 0.95703125 0.1234375 0.08203125
0 0.2046875 0.9453125 0.121875 0.1046875
1 0.2890625 0.928125 0.046875 0.13984375
1 0.203125 0.87265625 0.1203125 0.0375
1 0.13203125 0.928125 0.0171875 0.14375
1 0.06171875 0.88359375 0.1203125 0.06640625
1 0.4328125 0.834375 0.05703125 0.26015625
0 0.35546875 0.828125 0.08984375 0.2703125
0 0.60546875 0.83046875 0.2796875 0.2671875
0 0.871875 0.8328125 0.253125 0.27109375
1 0.01875 0.46953125 0.0328125 0.23203125
1 0.16484375 0.146875 0.328125 0.0578125
1 0.428125 0.12578125 0.1828125 0.03515625
1 0.8015625 0.12734375 0.26875 0.0453125
1 0.96953125 0.15078125 0.0609375 0.08046875