0 0.14765625 0.07109375 0.2671875 0.140625
1 0.00703125 0.07265625 0.0140625 0.1453125
1 0.303125 0.5234375 0.02890625 0.1984375
1 0.14375 0.515625 0.01640625 0.17734375
1 0.13046875 0.6984375 0.075 0.1171875
1 0.04609375 0.67421875 0.09140625 0.07265625
0 0.0671875 0.5203125 0.13046875 0.1765625
0 0.2203125 0.51875 0.1328125 0.1859375
0 0.2140625 0.72890625 0.084375 0.18203125
0 0.31328125 0.7328125 0.0640625 0.19296875
1 0.26953125 0.734375 0.0203125 0.2
0 0.0453125 0.771875 0.090625 0.11796875
0 0.13046875 0.796875 0.075 0.06875
0 0.14296875 0.2828125 0.28515625 0.2234375
0 0.2984375 0.31875 0.01796875 0.159375
0 0.03984375 0.928125 0.0796875 0.14296875
1 0.13046875 0.953125 0.0921875 0.09296875
1 0.12890625 0.8828125 0.09609375 0.046875
1 0.259375 0.93046875 0.16015625 0.1359375
0 0.4609375 0.90703125 0.21484375 0.18515625
0 0.61328125 0.91953125 0.0890625 0.1609375
0 0.80234375 0.9046875 0.296875 0.1890625
0 0.9765625 0.9296875 0.04609375 0.140625
1 0.97578125 0.83359375 0.046875 0.05234375
1 0.609375 0.825 0.0796875 0.02265625
0 0.9828125 0.665625 0.034375 0.22265625
0 0.81328125 0.67109375 0.08125 0.234375
0 0.55859375 0.67109375 0.43046875 0.23984375
0 0.6078125 0.39296875 0.28125 0.2671875
0 0.87578125 0.3875 0.2484375 0.26796875
0 0.3625 0.39296875 0.0796875 0.2703125
1 0.43515625 0.39296875 0.05703125 0.26796875
1 0.33125 0.115625 0.02265625 0.23046875
0 0.3796875 0.11328125 0.0796875 0.22578125
0 0.4953125 0.10234375 0.14609375 0.203125
0 0.6140625 0.11328125 0.08515625 0.22421875
1 0.49765625 0.21640625 0.146875 0.02421875
1 0.66796875 0.115625 0.025 0.23046875
0 0.840625 0.11640625 0.3171875 0.23125
1 0.9109375 0.66953125 0.10546875 0.2359375