1 0.9453125 0.36484375 0.10859375 0.25
0 0.84453125 0.3703125 0.08828125 0.2515625
0 0.575 0.36953125 0.44296875 0.25546875
0 0.88984375 0.1046875 0.2203125 0.209375
0 0.62578125 0.10546875 0.30078125 0.2109375
0 0.37109375 0.10703125 0.08359375 0.2140625
1 0.44296875 0.1078125 0.0625 0.21015625
0 0.83671875 0.671875 0.3265625 0.29375
0 0.46640625 0.67265625 0.21640625 0.2921875
0 0.62578125 0.68359375 0.09765625 0.26953125
1 0.625 0.534375 0.103125 0.021875
1 0.2734375 0.69453125 0.16640625 0.23828125
1 0.140625 0.6171875 0.0921875 0.075
0 0.04609375 0.69375 0.0921875 0.23125
0 0.14140625 0.734375 0.0875 0.15078125
0 0.2671875 0.44296875 0.17421875 0.21328125
0 0.05546875 0.48359375 0.09921875 0.134375
0 0.14296875 0.49765625 0.071875 0.09609375
1 0.0546875 0.37578125 0.10859375 0.07109375
1 0.14296875 0.39375 0.06484375 0.10703125
1 0.309375 0.196875 0.04375 0.20625
1 0.14609375 0.203125 0.028125 0.2109375
1 0.065625 0.13984375 0.1296875 0.06953125
1 0.2234375 0.134375 0.1234375 0.07109375
0 0.06484375 0.24453125 0.1296875 0.1375
0 0.221875 0.23671875 0.12109375 0.128125
0 0.15625 0.0390625 0.3125 0.078125