0 0.2734375 0.115625 0.140625 0.20390625
0 0.609375 0.13671875 0.09765625 0.14921875
0 0.80078125 0.1375 0.1 0.15
0 0.69921875 0.1640625 0.08359375 0.05859375
0 0.94453125 0.14140625 0.11015625 0.16875
0 0.28984375 0.34765625 0.059375 0.2125
0 0.4328125 0.33984375 0.07578125 0.21015625
0 0.10859375 0.384375 0.215625 0.12734375
0 0.73515625 0.34140625 0.31484375 0.22421875
0 0.02734375 0.5875 0.0546875 0.2125
0 0.30859375 0.58828125 0.09375 0.2140625
0 0.425 0.57109375 0.06328125 0.18515625
0 0.5171875 0.59296875 0.08984375 0.1453125
0 0.65703125 0.58203125 0.39140625 0.20859375
0 0.35859375 0.81484375 0.11015625 0.18203125
0 0.625 0.8109375 0.303125 0.16875
1 0.1 0.1109375 0.2 0.18515625
1 0.45390625 0.09921875 0.209375 0.19453125
1 0.7046875 0.09296875 0.0859375 0.06640625
1 0.87265625 0.13203125 0.03046875 0.14609375
1 0.1296875 0.2796875 0.25546875 0.0703125
1 0.23984375 0.37890625 0.0359375 0.128125
1 0.35546875 0.34765625 0.06875 0.221875
1 0.52578125 0.34296875 0.103125 0.22109375
1 0.159375 0.584375 0.20625 0.21484375
1 0.37265625 0.590625 0.03515625 0.2125
1 0.1953125 0.8125 0.2109375 0.1828125
1 0.44296875 0.81640625 0.05703125 0.17890625
1 0.8109375 0.80859375 0.06328125 0.1765625
0 0.92890625 0.41796875 0.07421875 0.33203125
0 0.90234375 0.6953125 0.09296875 0.20546875
0 0.88671875 0.90859375 0.07421875 0.178125
0 0.9640625 0.93828125 0.06484375 0.1125
0 0.04296875 0.82734375 0.0828125 0.20859375
0 0.1515625 0.9640625 0.303125 0.071875
0 0.4265625 0.9671875 0.08984375 0.065625
0 0.74609375 0.9875 0.1609375 0.02421875
1 0.5703125 0.96015625 0.1921875 0.0796875
1 0.75546875 0.94609375 0.175 0.05234375
1 0.7796875 0.028125 0.4390625 0.0546875
1 0.83828125 0.9859375 0.0203125 0.028125
1 0.34296875 0.96640625 0.0703125 0.0671875