0 0.19296875 0.17578125 0.3796875 0.20625
0 0.81875 0.16484375 0.19765625 0.21171875
0 0.10859375 0.40546875 0.2140625 0.2
0 0.26796875 0.428125 0.08359375 0.1640625
0 0.35625 0.425 0.0734375 0.17421875
0 0.48671875 0.4640625 0.1453125 0.11640625
0 0.65 0.44140625 0.15625 0.14765625
0 0.83515625 0.4234375 0.0625 0.19375
0 0.96953125 0.40859375 0.0609375 0.22109375
0 0.0375 0.68984375 0.06953125 0.1
0 0.1109375 0.63046875 0.0546875 0.18828125
0 0.1953125 0.68046875 0.09765625 0.125
0 0.28046875 0.64375 0.07109375 0.2234375
0 0.3578125 0.671875 0.0703125 0.17734375
0 0.43828125 0.64609375 0.06875 0.246875
0 0.51875 0.65 0.06953125 0.24140625
0 0.840625 0.6578125 0.09375 0.20859375
0 0.95625 0.66015625 0.07421875 0.225
0 0.034375 0.859375 0.06796875 0.1859375
0 0.1796875 0.890625 0.2125 0.1578125
0 0.3578125 0.91015625 0.128125 0.153125
0 0.4953125 0.9109375 0.12421875 0.16640625
0 0.86640625 0.88984375 0.13046875 0.18671875
1 0.478125 0.16328125 0.17890625 0.20390625
1 0.6484375 0.16953125 0.13984375 0.20859375
1 0.96171875 0.16640625 0.07421875 0.221875
1 0.03984375 0.5859375 0.0796875 0.1125
1 0.47890625 0.346875 0.153125 0.1140625
1 0.309375 0.31484375 0.17734375 0.046875
1 0.65078125 0.33828125 0.1453125 0.0734375
1 0.7625 0.4046875 0.0625 0.2140625
1 0.90703125 0.40078125 0.0734375 0.2296875
1 0.68671875 0.65390625 0.21640625 0.23125
1 0.684375 0.88671875 0.2296875 0.19296875
1 0.96796875 0.89296875 0.0609375 0.19765625
1 0.35859375 0.80234375 0.1265625 0.05546875
1 0.18515625 0.78828125 0.21171875 0.053125
1 0.4921875 0.79453125 0.125 0.04375
1 0.19453125 0.571875 0.0921875 0.08828125
1 0.36015625 0.553125 0.0796875 0.06484375
1 0.9015625 0.6578125 0.028125 0.2234375
1 0.83046875 0.3078125 0.0703125 0.02734375