0 0.08984375 0.06328125 0.17890625 0.12578125
0 0.23359375 0.0609375 0.1125 0.121875
0 0.33515625 0.05625 0.0796875 0.11171875
0 0.46015625 0.0625 0.16328125 0.11328125
0 0.6359375 0.0609375 0.171875 0.121875
0 0.8296875 0.06015625 0.0796875 0.1203125
0 0.9671875 0.06796875 0.0625 0.1234375
0 0.0203125 0.33046875 0.040625 0.11640625
0 0.07734375 0.25546875 0.078125 0.20390625
0 0.17265625 0.31015625 0.1046875 0.12890625
0 0.25546875 0.26171875 0.07734375 0.24375
0 0.4171875 0.290625 0.24140625 0.17109375
0 0.45859375 0.17265625 0.1609375 0.06328125
0 0.8296875 0.290625 0.10078125 0.18515625
0 0.946875 0.296875 0.0796875 0.19375
0 0.8515625 0.51640625 0.1265625 0.1828125
0 0.9734375 0.546875 0.0515625 0.1
0 0.0265625 0.50078125 0.053125 0.18671875
0 0.1625 0.52265625 0.21328125 0.16015625
0 0.3375 0.5328125 0.13515625 0.1609375
0 0.47421875 0.5328125 0.1328125 0.153125
0 0.08984375 0.71796875 0.17890625 0.16875
0 0.3796875 0.7296875 0.378125 0.159375
0 0.6703125 0.7390625 0.19921875 0.15859375
0 0.88125 0.75 0.1125 0.17421875
0 0.97109375 0.7578125 0.0578125 0.10703125
0 0.79375 0.93203125 0.4125 0.1359375
0 0.5390625 0.96953125 0.08984375 0.0609375
0 0.44765625 0.9234375 0.0859375 0.153125
0 0.30546875 0.94765625 0.1890625 0.1046875
0 0.13515625 0.915625 0.14921875 0.16875
0 0.0296875 0.93671875 0.059375 0.1265625
1 0.01875 0.209375 0.0375 0.12421875
1 0.6640625 0.2609375 0.2328125 0.23125
1 0.89140625 0.171875 0.2171875 0.05390625
1 0.3015625 0.41640625 0.48046875 0.0484375
1 0.66640625 0.50625 0.24140625 0.20234375
1 0.9328125 0.509375 0.03203125 0.2
1 0.9765625 0.45 0.04609375 0.0890625
1 0.0296875 0.84140625 0.059375 0.0671875
1 0.309375 0.86171875 0.190625 0.07265625
1 0.54296875 0.890625 0.096875 0.0984375
1 0.165625 0.19921875 0.10234375 0.1078125
1 0.340625 0.17109375 0.08203125 0.059375
1 0.7515625 0.06171875 0.05546875 0.11875
1 0.90234375 0.06328125 0.05859375 0.121875
1 0.796875 0.734375 0.05625 0.19921875
1 0.66953125 0.6390625 0.19375 0.034375
1 0.884375 0.640625 0.1078125 0.04453125
1 0.971875 0.66796875 0.05625 0.0875
1 0.89296875 0.28984375 0.021875 0.16875