0 0.109375 0.08359375 0.21796875 0.16640625
0 0.496875 0.084375 0.1125 0.159375
0 0.66484375 0.12109375 0.1578125 0.11171875
0 0.83828125 0.08984375 0.19296875 0.17734375
0 0.909375 0.3515625 0.17734375 0.10078125
0 0.746875 0.32421875 0.140625 0.16953125
0 0.45234375 0.296875 0.24921875 0.19609375
0 0.16171875 0.2953125 0.32265625 0.1859375
0 0.1546875 0.5015625 0.309375 0.16015625
0 0.44921875 0.509375 0.265625 0.1609375
0 0.64765625 0.5125 0.1234375 0.1703125
0 0.80390625 0.5140625 0.18046875 0.1671875
0 0.95078125 0.5140625 0.0984375 0.16640625
0 0.7984375 0.7 0.403125 0.1375
0 0.440625 0.6828125 0.26640625 0.13203125
0 0.0734375 0.67578125 0.146875 0.12890625
0 0.02890625 0.82578125 0.0578125 0.1171875
0 0.6171875 0.85 0.2828125 0.12109375
0 0.96484375 0.83125 0.0703125 0.0640625
0 0.271875 0.8109375 0.12265625 0.065625
1 0.33203125 0.08359375 0.2140625 0.16171875
1 0.971875 0.0921875 0.05625 0.17109375
1 0.5703125 0.08359375 0.0234375 0.16484375
1 0.659375 0.03515625 0.15546875 0.06484375
1 0.625 0.2984375 0.09140625 0.19453125
1 0.22578125 0.68203125 0.14921875 0.12890625
1 0.13515625 0.8296875 0.14375 0.125
1 0.27421875 0.8765625 0.13046875 0.06015625
1 0.4046875 0.84609375 0.13125 0.13046875
1 0.846875 0.85625 0.1671875 0.13046875
1 0.96328125 0.8953125 0.0703125 0.053125
1 0.74765625 0.228125 0.13671875 0.02734375
1 0.90625 0.25703125 0.18125 0.07109375