0 0.04375 0.09296875 0.0875 0.1859375
0 0.14765625 0.109375 0.115625 0.13671875
0 0.371875 0.08359375 0.340625 0.1671875
0 0.84140625 0.08125 0.09765625 0.1546875
0 0.959375 0.08671875 0.08125 0.165625
0 0.02109375 0.31953125 0.0421875 0.225
0 0.1515625 0.3296875 0.2171875 0.16640625
0 0.33515625 0.3265625 0.15 0.16796875
0 0.47734375 0.32421875 0.1421875 0.16328125
0 0.86015625 0.29921875 0.12578125 0.2140625
0 0.9796875 0.34296875 0.040625 0.1296875
0 0.08984375 0.525 0.17890625 0.1828125
0 0.371875 0.52890625 0.3921875 0.18515625
0 0.66875 0.5203125 0.2046875 0.209375
0 0.8890625 0.521875 0.10625 0.20390625
0 0.97109375 0.55625 0.0578125 0.13828125
0 0.68203125 0.7765625 0.17578125 0.25
0 0.88515625 0.7921875 0.22890625 0.20546875
0 0.45234375 0.7640625 0.09609375 0.24375
0 0.5453125 0.8125 0.09453125 0.18828125
0 0.13203125 0.76640625 0.2640625 0.259375
0 0.33671875 0.7953125 0.1421875 0.2015625
1 0.14609375 0.0203125 0.11328125 0.040625
1 0.67109375 0.08046875 0.25 0.1609375
1 0.67265625 0.28125 0.24375 0.20390625
1 0.15390625 0.22109375 0.22265625 0.04921875
1 0.40703125 0.20859375 0.27734375 0.0546875
1 0.803125 0.51640625 0.059375 0.21015625
1 0.971875 0.4484375 0.05625 0.08203125
1 0.33359375 0.66484375 0.1421875 0.065625
1 0.55078125 0.675 0.09140625 0.08046875
1 0.8859375 0.66328125 0.228125 0.05625
1 0.94296875 0.29296875 0.0375 0.209375
1 0.9828125 0.22578125 0.034375 0.0953125
1 0.90546875 0.0875 0.03125 0.17421875