0 0.04609375 0.28359375 0.0921875 0.209375
0 0.17578125 0.29921875 0.16328125 0.16015625
0 0.40234375 0.303125 0.0703125 0.14296875
0 0.50078125 0.30078125 0.1265625 0.1546875
0 0.64453125 0.29375 0.16484375 0.1578125
0 0.79609375 0.265625 0.14296875 0.22109375
0 0.934375 0.2625 0.13125 0.22421875
0 0.05 0.50625 0.1 0.21640625
0 0.16171875 0.509375 0.1234375 0.22421875
0 0.29453125 0.51015625 0.146875 0.22578125
0 0.4328125 0.51328125 0.1234375 0.234375
0 0.8875 0.5375 0.225 0.20625
0 0.5640625 0.5109375 0.14296875 0.2390625
0 0.70859375 0.528125 0.12265625 0.21796875
1 0.71171875 0.39921875 0.14296875 0.03515625
1 0.88671875 0.4265625 0.2265625 0.01484375
1 0.89296875 0.4015625 0.21328125 0.02890625
1 0.64296875 0.534375 0.01171875 0.2234375
1 0.31171875 0.27421875 0.11015625 0.21171875
1 0.171875 0.19609375 0.1609375 0.03984375
1 0.4 0.19609375 0.065625 0.07109375
1 0.4984375 0.18828125 0.12578125 0.0703125
1 0.64375 0.18125 0.1578125 0.0734375
0 0.478125 0.78359375 0.24296875 0.18125
0 0.1796875 0.7609375 0.11875 0.2265625
0 0.66796875 0.8078125 0.1359375 0.190625
0 0.8015625 0.8203125 0.13515625 0.18046875
0 0.29609375 0.8234375 0.11640625 0.1359375
0 0.9296875 0.81328125 0.11640625 0.19765625
0 0.06171875 0.94765625 0.1203125 0.1046875
0 0.2875 0.94765625 0.196875 0.1046875
1 0.06015625 0.76015625 0.1203125 0.2484375
1 0.2984375 0.70078125 0.11875 0.109375
1 0.4796875 0.6671875 0.23671875 0.05078125
1 0.6671875 0.68359375 0.1375 0.05625
1 0.803125 0.69453125 0.13515625 0.06953125
1 0.93671875 0.68125 0.1265625 0.05859375
1 0.1578125 0.94609375 0.06640625 0.1078125
0 0.43828125 0.959375 0.1015625 0.08125
1 0.55234375 0.9625 0.121875 0.07421875
0 0.73203125 0.96640625 0.23046875 0.06640625
1 0.9234375 0.9703125 0.153125 0.05859375