1 0.97109375 0.853125 0.0578125 0.046875
0 0.971875 0.925 0.05625 0.09296875
1 0.90546875 0.9140625 0.0640625 0.11796875
1 0.84453125 0.8953125 0.0546875 0.13828125
1 0.7796875 0.9046875 0.07578125 0.11484375
0 0.6796875 0.89375 0.1171875 0.14375
0 0.5609375 0.88828125 0.12109375 0.12890625
0 0.44296875 0.89921875 0.11171875 0.16171875
1 0.275 0.871875 0.2125 0.12734375
0 0.08515625 0.8625 0.16328125 0.11953125
0 0.9953125 0.64921875 0.009375 0.11640625
1 0.9578125 0.66484375 0.05546875 0.1484375
0 0.8828125 0.7 0.0890625 0.06875
1 0.88203125 0.6265625 0.08515625 0.078125
0 0.78046875 0.65625 0.1140625 0.15
0 0.671875 0.659375 0.1015625 0.15
1 0.5515625 0.66015625 0.1375 0.15390625
0 0.43125 0.6609375 0.096875 0.14609375
0 0.28125 0.66953125 0.20703125 0.1734375
1 0.1421875 0.65234375 0.06953125 0.13828125
0 0.0515625 0.646875 0.103125 0.14296875
0 0.92265625 0.45234375 0.121875 0.19140625
1 0.99140625 0.4296875 0.01640625 0.24375
1 0.92265625 0.334375 0.11953125 0.0390625
0 0.7859375 0.42734375 0.1421875 0.23203125
0 0.65859375 0.45078125 0.11015625 0.1765625
1 0.65859375 0.3390625 0.1109375 0.0484375
0 0.47109375 0.440625 0.26015625 0.1875
1 0.471875 0.32890625 0.2625 0.02578125
0 0.2765625 0.48671875 0.1203125 0.10390625
1 0.28203125 0.3765625 0.12109375 0.11796875
0 0.1625 0.428125 0.11328125 0.21796875
1 0.0515625 0.4328125 0.10234375 0.2078125
0 0.10390625 0.01015625 0.2078125 0.0203125
0 0.95390625 0.178125 0.09140625 0.18671875
1 0.95234375 0.06015625 0.0953125 0.0390625
0 0.7625 0.1765625 0.29140625 0.19609375
1 0.76171875 0.05703125 0.2875 0.0328125
0 0.54921875 0.15625 0.140625 0.23359375
0 0.34453125 0.15859375 0.26015625 0.2265625
0 0.10546875 0.16953125 0.2109375 0.225
1 0.278125 0.96015625 0.221875 0.04296875
1 0.084375 0.95859375 0.16328125 0.05
1 0.82890625 0.98359375 0.1984375 0.0328125
1 0.5046875 0.75703125 0.2375 0.0390625
1 0.81328125 0.765625 0.37265625 0.03828125