0 0.025 0.16171875 0.046875 0.1234375
0 0.10390625 0.125 0.10390625 0.1828125
0 0.259375 0.1234375 0.16640625 0.1921875
0 0.3765625 0.15390625 0.06640625 0.10390625
0 0.5671875 0.10625 0.25390625 0.19296875
0 0.7734375 0.12890625 0.15546875 0.15390625
0 0.98359375 0.13125 0.0328125 0.153125
0 0.090625 0.32421875 0.18046875 0.184375
0 0.32578125 0.3234375 0.28359375 0.19921875
0 0.51953125 0.325 0.109375 0.20390625
0 0.64765625 0.32734375 0.10390625 0.20859375
0 0.76484375 0.32578125 0.1328125 0.2125
0 0.8921875 0.3171875 0.11796875 0.20078125
0 0.975 0.33046875 0.04921875 0.21875
0 0.01171875 0.5421875 0.0234375 0.16875
0 0.1828125 0.54296875 0.16796875 0.20234375
0 0.31015625 0.54375 0.08984375 0.20390625
0 0.39921875 0.596875 0.08203125 0.109375
0 0.51015625 0.55234375 0.09921875 0.20078125
0 0.76484375 0.55859375 0.1234375 0.21328125
0 0.8765625 0.60390625 0.09765625 0.13203125
0 0.95859375 0.58828125 0.0828125 0.178125
0 0.8421875 0.7859375 0.1875 0.1859375
0 0.9671875 0.784375 0.065625 0.1921875
0 0.6265625 0.77578125 0.1203125 0.1859375
0 0.4796875 0.76484375 0.171875 0.190625
0 0.14375 0.746875 0.1703125 0.18671875
0 0.30703125 0.753125 0.17421875 0.1953125
0 0.028125 0.740625 0.05625 0.1859375
0 0.9609375 0.94765625 0.078125 0.1046875
0 0.09375 0.91953125 0.184375 0.1609375
0 0.62890625 0.93828125 0.1859375 0.1234375
0 0.48125 0.9390625 0.1109375 0.1203125
0 0.375 0.93515625 0.1015625 0.12890625
1 0.02578125 0.06484375 0.0484375 0.059375
1 0.38984375 0.06171875 0.09296875 0.07578125
1 0.42421875 0.16640625 0.0296875 0.11015625
1 0.8484375 0.03125 0.303125 0.0390625
1 0.91015625 0.128125 0.11171875 0.1453125
1 0.059375 0.54375 0.075 0.20703125
1 0.4109375 0.48984375 0.1 0.10703125
1 0.45 0.60078125 0.01953125 0.11171875
1 0.6328125 0.55625 0.14140625 0.22109375
1 0.87265625 0.484375 0.08984375 0.096875
1 0.9578125 0.47265625 0.084375 0.04609375
1 0.25390625 0.93046875 0.140625 0.1390625
1 0.8234375 0.94609375 0.19765625 0.1078125