0 0.05 0.3609375 0.1 0.18984375
0 0.2234375 0.359375 0.203125 0.196875
0 0.3640625 0.38671875 0.07421875 0.128125
0 0.46953125 0.353125 0.07265625 0.228125
0 0.55078125 0.34453125 0.06796875 0.20703125
0 0.63203125 0.334375 0.075 0.2265625
0 0.7140625 0.3265625 0.06953125 0.21796875
0 0.78984375 0.36484375 0.0859375 0.15234375
0 0.89140625 0.353125 0.11015625 0.16171875
0 0.06328125 0.6140625 0.103125 0.19921875
0 0.29375 0.609375 0.35078125 0.20234375
0 0.5359375 0.60078125 0.1234375 0.2390625
0 0.8375 0.58828125 0.16328125 0.25390625
0 0.6921875 0.6015625 0.13046875 0.196875
0 0.96484375 0.6359375 0.06953125 0.1625
0 0.5234375 0.87109375 0.115625 0.2578125
0 0.85546875 0.8890625 0.1546875 0.22109375
0 0.1484375 0.87421875 0.1171875 0.22578125
0 0.3796875 0.94765625 0.11640625 0.0953125
0 0.04375 0.90625 0.0875 0.1875
0 0.96640625 0.95 0.0671875 0.1
0 0.265625 0.884375 0.1140625 0.23125
1 0.05078125 0.23984375 0.1015625 0.0390625
1 0.24609375 0.22421875 0.2515625 0.05078125
1 0.1109375 0.33828125 0.01640625 0.2640625
1 0.37890625 0.2921875 0.10078125 0.06015625
1 0.41484375 0.39609375 0.025 0.1453125
1 0.4015625 0.2234375 0.0484375 0.06953125
1 0.509375 0.2125 0.14765625 0.05625
1 0.6671875 0.1953125 0.16953125 0.04609375
1 0.79375 0.221875 0.07578125 0.1109375
1 0.9140625 0.21484375 0.171875 0.1140625
1 0.9734375 0.35078125 0.053125 0.1640625
1 0.1921875 0.48203125 0.38359375 0.03515625
1 0.6125 0.5921875 0.03125 0.26484375
1 0.690625 0.4765625 0.11953125 0.04453125
1 0.04453125 0.7765625 0.0890625 0.07734375
1 0.26640625 0.74921875 0.1046875 0.02734375
1 0.3953125 0.81796875 0.13515625 0.16484375
1 0.68125 0.8703125 0.1875 0.259375
1 0.85703125 0.75625 0.15 0.0375
1 0.96640625 0.8171875 0.0671875 0.16328125
1 0.9609375 0.4953125 0.078125 0.1109375
1 0.44765625 0.9546875 0.021875 0.090625