0 0.15625 0.91875 0.30546875 0.1625
0 0.465625 0.925 0.30546875 0.146875
0 0.80859375 0.928125 0.38203125 0.14375
0 0.88046875 0.6953125 0.2390625 0.240625
0 0.6859375 0.74921875 0.08984375 0.06640625
1 0.74609375 0.71640625 0.028125 0.2078125
1 0.66484375 0.60078125 0.040625 0.03828125
1 0.684375 0.66640625 0.09140625 0.0921875
0 0.47421875 0.6875 0.328125 0.23125
0 0.2671875 0.73984375 0.0875 0.11328125
1 0.265625 0.64375 0.084375 0.07421875
1 0.29296875 0.590625 0.0359375 0.0265625
0 0.109375 0.6875 0.21875 0.228125
0 0.6078125 0.42734375 0.784375 0.2203125
0 0.05390625 0.42890625 0.1046875 0.20390625
1 0.16171875 0.4328125 0.1078125 0.203125
0 0.94609375 0.171875 0.1078125 0.21875
1 0.87890625 0.1703125 0.0296875 0.21796875
0 0.79296875 0.1734375 0.13359375 0.22421875
0 0.67734375 0.221875 0.09140625 0.1109375
1 0.68046875 0.11484375 0.08984375 0.1
0 0.5390625 0.1875 0.18515625 0.1984375
0 0.36953125 0.228125 0.1484375 0.13359375
0 0.06953125 0.2375 0.1390625 0.13125
0 0.1765625 0.25546875 0.06171875 0.0875
0 0.253125 0.2046875 0.0859375 0.19296875
1 0.06796875 0.1296875 0.1359375 0.08046875
1 0.17421875 0.146875 0.06953125 0.12109375
1 0.253125 0.09375 0.0859375 0.0296875
1 0.37265625 0.11328125 0.14375 0.084375
1 0.54296875 0.07421875 0.18671875 0.01875
1 0.6890625 0.7984375 0.08125 0.02734375