0 0.01484375 0.1171875 0.0296875 0.1625
0 0.0390625 0.35625 0.0765625 0.23359375
0 0.24375 0.35 0.32734375 0.2296875
0 0.46796875 0.39140625 0.12109375 0.1453125
0 0.5203125 0.603125 0.17734375 0.184375
0 0.36328125 0.60078125 0.1265625 0.1828125
0 0.015625 0.59765625 0.03125 0.1734375
0 0.12265625 0.6015625 0.10546875 0.18125
0 0.04921875 0.5609375 0.0375 0.10078125
0 0.0390625 0.82890625 0.0734375 0.20078125
0 0.1734375 0.83203125 0.1796875 0.21484375
0 0.54921875 0.8375 0.2703125 0.20390625
0 0.96328125 0.83359375 0.0734375 0.2109375
0 0.228125 0.12109375 0.2203125 0.134375
0 0.396875 0.14375 0.11328125 0.0859375
0 0.5953125 0.12890625 0.278125 0.10078125
0 0.96328125 0.1328125 0.0734375 0.08828125
1 0.39765625 0.05859375 0.1078125 0.078125
1 0.23359375 0.0421875 0.22109375 0.0234375
1 0.04921875 0.1171875 0.04140625 0.15859375
1 0.09453125 0.075 0.04296875 0.08671875
1 0.59921875 0.04765625 0.28203125 0.0546875
1 0.8296875 0.09765625 0.1796875 0.1578125
1 0.959375 0.05078125 0.08125 0.0578125
0 0.09453125 0.15546875 0.03828125 0.07421875
1 0.47578125 0.27265625 0.13203125 0.09296875
1 0.76875 0.34375 0.453125 0.253125
1 0.80703125 0.6 0.3859375 0.178125
1 0.23671875 0.596875 0.11484375 0.1765625
1 0.33828125 0.83828125 0.140625 0.20390625
1 0.80859375 0.8390625 0.23671875 0.20234375
1 0.0515625 0.6515625 0.03359375 0.06875