0 0.94609375 0.7421875 0.1078125 0.15859375
1 0.946875 0.65 0.10625 0.015625
1 0.95546875 0.62421875 0.0296875 0.03125
0 0.6609375 0.74140625 0.115625 0.21796875
0 0.803125 0.72734375 0.17734375 0.2171875
1 0.52734375 0.74765625 0.14453125 0.21953125
0 0.34921875 0.77734375 0.21015625 0.1921875
1 0.38203125 0.665625 0.14453125 0.025
1 0.27421875 0.671875 0.0703125 0.02109375
1 0.18515625 0.77109375 0.11484375 0.21953125
1 0.1015625 0.825 0.04765625 0.12734375
0 0.0328125 0.7859375 0.065625 0.221875
0 0.084375 0.71484375 0.0328125 0.09140625
1 0.11484375 0.71484375 0.0234375 0.09453125
1 0.940625 0.50078125 0.11875 0.1453125
0 0.78046875 0.50625 0.20546875 0.15546875
1 0.5359375 0.525 0.08515625 0.16484375
1 0.65546875 0.4515625 0.03984375 0.028125
1 0.628125 0.53515625 0.0953125 0.1296875
0 0.15859375 0.51796875 0.31640625 0.1109375
0 0.40546875 0.51171875 0.16484375 0.1203125
1 0.12890625 0.60703125 0.25546875 0.04453125
1 0.378125 0.59453125 0.240625 0.0375
0 0.91171875 0.0890625 0.1765625 0.16484375
1 0.7828125 0.059375 0.0796875 0.10546875
0 0.7828125 0.14375 0.0796875 0.0578125
0 0.68828125 0.08515625 0.1 0.16953125
0 0.58125 0.0875 0.10625 0.17421875
0 0.4828125 0.0890625 0.09375 0.1734375
0 0.37734375 0.1125 0.1125 0.1265625
1 0.38125 0.02421875 0.11015625 0.04296875
0 0.1640625 0.0859375 0.32421875 0.1671875
1 0.12734375 0.184375 0.2515625 0.0234375
0 0.0828125 0.3359375 0.159375 0.1859375
0 0.27109375 0.3 0.20390625 0.13984375
0 0.5078125 0.309375 0.26875 0.19296875
0 0.7359375 0.29765625 0.1859375 0.178125
0 0.878125 0.29765625 0.08828125 0.171875
0 0.96171875 0.2828125 0.0765625 0.146875
1 0.96171875 0.37421875 0.0734375 0.0234375
1 0.27109375 0.396875 0.20078125 0.04609375