1 0.1984375 0.06953125 0.3921875 0.06796875
1 0.365625 0.1265625 0.05703125 0.03125
1 0.01015625 0.13828125 0.01796875 0.06015625
0 0.01015625 0.20859375 0.01953125 0.06875
0 0.0609375 0.17578125 0.0796875 0.140625
0 0.2390625 0.17265625 0.18828125 0.13203125
1 0.12265625 0.17578125 0.0421875 0.13984375
1 0.38359375 0.15703125 0.03125 0.0265625
0 0.35078125 0.1875 0.0359375 0.0859375
0 0.38359375 0.2015625 0.028125 0.06015625
0 0.43515625 0.140625 0.07421875 0.215625
0 0.51640625 0.16875 0.0828125 0.1375
1 0.54921875 0.065625 0.15078125 0.0609375
1 0.5921875 0.1171875 0.0671875 0.040625
0 0.59453125 0.18828125 0.0734375 0.10078125
0 0.67421875 0.14140625 0.08671875 0.209375
0 0.75546875 0.1375 0.07265625 0.19921875
0 0.93515625 0.1390625 0.1296875 0.19375
0 0.840625 0.18359375 0.05625 0.10625
1 0.8328125 0.08359375 0.0765625 0.0921875
1 0.80234375 0.18515625 0.01640625 0.10546875
1 0.36015625 0.3640625 0.09453125 0.2
0 0.90390625 0.35703125 0.19140625 0.2015625
0 0.70625 0.35546875 0.1875 0.196875
0 0.51015625 0.359375 0.1984375 0.1953125
0 0.2078125 0.36484375 0.20390625 0.1953125
0 0.0609375 0.3703125 0.09296875 0.19609375
0 0.0078125 0.42109375 0.01171875 0.08984375
0 0.93359375 0.58671875 0.13203125 0.20859375
1 0.83125 0.53984375 0.071875 0.1078125
1 0.8328125 0.6703125 0.065625 0.03828125
0 0.83125 0.621875 0.0703125 0.05234375
0 0.74609375 0.58984375 0.09921875 0.209375
0 0.64765625 0.5765625 0.10078125 0.178125
1 0.64609375 0.68125 0.09296875 0.02734375
0 0.546875 0.590625 0.10078125 0.20546875
0 0.45 0.628125 0.090625 0.1390625
1 0.45 0.521875 0.09375 0.0671875
0 0.34921875 0.58359375 0.09453125 0.18515625
1 0.35078125 0.68984375 0.0953125 0.02578125
0 0.25234375 0.6 0.09765625 0.20390625
0 0.1515625 0.5796875 0.096875 0.1671875
1 0.15234375 0.684375 0.09375 0.0296875
0 0.05 0.60078125 0.1 0.20234375
0 0.9375 0.7875 0.08828125 0.14609375
0 0.99296875 0.771875 0.0140625 0.125
1 0.95 0.88046875 0.1 0.0296875
0 0.846875 0.81171875 0.09765625 0.18828125
0 0.75078125 0.8109375 0.0921875 0.18828125
0 0.659375 0.815625 0.0859375 0.18359375
0 0.571875 0.79375 0.09765625 0.1375
1 0.571875 0.88984375 0.08828125 0.04140625
0 0.47578125 0.82109375 0.10078125 0.18359375
0 0.37890625 0.79921875 0.08828125 0.13515625
1 0.38125 0.89140625 0.08671875 0.0421875
0 0.2828125 0.8015625 0.09296875 0.14609375
1 0.28515625 0.89453125 0.0984375 0.03203125
0 0.1859375 0.82578125 0.0953125 0.1796875
0 0.06640625 0.80703125 0.1328125 0.1515625
1 0.06796875 0.90390625 0.1359375 0.034375
0 0.10390625 0.975 0.2078125 0.05
0 0.32734375 0.975 0.23046875 0.046875
0 0.50546875 0.97421875 0.08203125 0.0515625
1 0.45390625 0.9734375 0.01796875 0.053125
1 0.65 0.97265625 0.2015625 0.04921875
0 0.84375 0.96875 0.1734375 0.0625
1 0.96640625 0.96171875 0.0671875 0.0734375