0 0.0734375 0.20546875 0.08671875 0.2046875
0 0.01328125 0.2234375 0.0234375 0.16640625
0 0.21796875 0.21640625 0.18203125 0.14609375
0 0.446875 0.1875 0.16796875 0.20859375
0 0.57890625 0.21328125 0.08828125 0.159375
0 0.77734375 0.22421875 0.18046875 0.16171875
0 0.9 0.26015625 0.06171875 0.08359375
0 0.9765625 0.1921875 0.046875 0.21796875
1 0.93984375 0.1921875 0.02890625 0.2265625
1 0.8953125 0.14609375 0.06171875 0.134375
1 0.7703125 0.1078125 0.178125 0.065625
1 0.65625 0.1859375 0.0578125 0.20234375
1 0.58203125 0.103125 0.0921875 0.0515625
1 0.33515625 0.13203125 0.04921875 0.10234375
1 0.215625 0.1109375 0.17734375 0.04453125
0 0.3375 0.2421875 0.0484375 0.10703125
1 0.0140625 0.115625 0.02734375 0.03359375
0 0.053125 0.428125 0.10546875 0.20625
0 0.2125 0.43515625 0.19765625 0.215625
0 0.36796875 0.48125 0.10390625 0.109375
0 0.5296875 0.42890625 0.21640625 0.22265625
1 0.36484375 0.3765625 0.103125 0.109375
0 0.76015625 0.43671875 0.23046875 0.234375
1 0.9125 0.43203125 0.06640625 0.20859375
0 0.97265625 0.43359375 0.0546875 0.21171875
0 0.52578125 0.678125 0.40859375 0.228125
0 0.8296875 0.68828125 0.19453125 0.2359375
0 0.9671875 0.7234375 0.065625 0.14375
1 0.96484375 0.60546875 0.0703125 0.0859375
1 0.271875 0.6015625 0.09609375 0.06640625
0 0.125 0.671875 0.18984375 0.21875
0 0.26796875 0.71640625 0.09765625 0.14375
0 0.01796875 0.6734375 0.02578125 0.21484375
0 0.1625 0.89921875 0.315625 0.20078125
0 0.47890625 0.90859375 0.30703125 0.1796875
0 0.78515625 0.90703125 0.30234375 0.17734375