0 0.0671875 0.0515625 0.134375 0.103125
1 0.96328125 0.0515625 0.0734375 0.103125
0 0.803125 0.05 0.23515625 0.09453125
0 0.5640625 0.04609375 0.23203125 0.09140625
0 0.2890625 0.04453125 0.30625 0.0890625
0 0.8171875 0.2390625 0.10625 0.23671875
0 0.9203125 0.2328125 0.09375 0.20859375
0 0.984375 0.29609375 0.03125 0.1546875
1 0.91953125 0.3484375 0.0984375 0.0375
1 0.984375 0.175 0.03125 0.09375
1 0.43125 0.33046875 0.171875 0.02890625
0 0.71015625 0.23515625 0.09765625 0.2375
0 0.6046875 0.2390625 0.10390625 0.2375
0 0.50078125 0.215625 0.0921875 0.1859375
0 0.54296875 0.334375 0.021875 0.040625
0 0.39921875 0.215625 0.103125 0.184375
0 0.29375 0.27421875 0.0984375 0.146875
1 0.29296875 0.159375 0.09609375 0.071875
0 0.15 0.2375 0.17890625 0.21484375
0 0.02734375 0.2359375 0.0546875 0.22265625
0 0.084375 0.471875 0.159375 0.19375
0 0.98671875 0.50234375 0.02578125 0.19921875
0 0.8703125 0.465625 0.20078125 0.16015625
1 0.87421875 0.57578125 0.19296875 0.046875
0 0.715625 0.48828125 0.11015625 0.203125
0 0.5078125 0.4609375 0.29296875 0.159375
1 0.509375 0.5671875 0.29765625 0.04453125
0 0.259375 0.4625 0.18828125 0.16953125
1 0.259375 0.57109375 0.19765625 0.03984375
0 0.01875 0.64375 0.0375 0.10546875
0 0.98203125 0.703125 0.0359375 0.15
0 0.809375 0.6921875 0.2765625 0.14765625
1 0.95703125 0.71484375 0.0171875 0.1765625
0 0.5734375 0.68359375 0.18515625 0.14765625
0 0.1875 0.66484375 0.171875 0.140625
0 0.375 0.653125 0.19765625 0.1046875
1 0.375 0.72890625 0.2 0.0421875
1 0.06953125 0.6765625 0.06171875 0.1671875
1 0.01875 0.73125 0.03515625 0.0484375
0 0.05390625 0.89296875 0.1078125 0.2140625
0 0.125 0.89609375 0.025 0.2078125
0 0.19921875 0.9125 0.1203125 0.175
1 0.2015625 0.80859375 0.11640625 0.03359375
0 0.35390625 0.9015625 0.18359375 0.19609375
0 0.54453125 0.90859375 0.1921875 0.1828125
0 0.90859375 0.9140625 0.1828125 0.171875
1 0.73046875 0.91015625 0.175 0.1796875