0 0.13125 0.05625 0.25859375 0.11171875
0 0.425 0.05703125 0.32890625 0.1140625
0 0.71015625 0.0515625 0.21875 0.103125
0 0.91328125 0.05390625 0.1734375 0.1078125
0 0.9140625 0.26171875 0.16875 0.1875
1 0.9125 0.15078125 0.1734375 0.0296875
0 0.76796875 0.24609375 0.11796875 0.22265625
0 0.59921875 0.2421875 0.21875 0.2078125
0 0.440625 0.2265625 0.09609375 0.1453125
1 0.44296875 0.14296875 0.096875 0.01484375
0 0.2984375 0.23671875 0.18046875 0.19765625
0 0.10390625 0.2421875 0.203125 0.19296875
0 0.03671875 0.42109375 0.0734375 0.12109375
0 0.23515625 0.4296875 0.16484375 0.13984375
1 0.11328125 0.4484375 0.07578125 0.165625
0 0.41796875 0.42890625 0.19609375 0.11953125
0 0.6171875 0.46484375 0.20078125 0.1875
1 0.4171875 0.521875 0.19453125 0.06953125
1 0.23671875 0.525 0.1671875 0.046875
0 0.85859375 0.47265625 0.28203125 0.18359375
0 0.92265625 0.6828125 0.1546875 0.159375
1 0.76484375 0.71640625 0.15703125 0.25703125
0 0.93828125 0.80859375 0.1234375 0.0828125
1 0.859375 0.80703125 0.0296875 0.078125
0 0.5859375 0.709375 0.19609375 0.265625
0 0.390625 0.69296875 0.1875 0.23515625
0 0.07421875 0.67265625 0.1484375 0.2328125
0 0.16484375 0.6859375 0.0234375 0.24296875
0 0.23359375 0.703125 0.10703125 0.2125
1 0.23828125 0.58046875 0.1125 0.0296875
1 0.04140625 0.50546875 0.06640625 0.03359375