0 0.06328125 0.22578125 0.1265625 0.315625
0 0.17734375 0.25703125 0.08203125 0.2390625
1 0.196875 0.1078125 0.040625 0.06171875
0 0.0625 0.53515625 0.125 0.25
0 0.15859375 0.5796875 0.06328125 0.18203125
0 0.03359375 0.81640625 0.06640625 0.25
0 0.10234375 0.84296875 0.06328125 0.1984375
0 0.17421875 0.82109375 0.08828125 0.2453125
0 0.2390625 0.7796875 0.03671875 0.1625
1 0.24375 0.89921875 0.0390625 0.071875
1 0.10078125 0.7171875 0.0609375 0.05078125
1 0.17421875 0.44921875 0.090625 0.07734375
0 0.34453125 0.41484375 0.21484375 0.2328125
0 0.340625 0.1390625 0.24375 0.25234375
0 0.58515625 0.13125 0.24453125 0.25625
0 0.9703125 0.1953125 0.059375 0.0953125
1 0.9640625 0.07578125 0.071875 0.15078125
1 0.8171875 0.025 0.20859375 0.04609375
0 0.81953125 0.15390625 0.21484375 0.2015625
0 0.9546875 0.39453125 0.090625 0.20703125
1 0.95546875 0.5265625 0.08828125 0.0453125
0 0.86015625 0.45234375 0.10078125 0.18984375
1 0.8546875 0.3265625 0.10703125 0.05390625
0 0.69140625 0.42109375 0.22578125 0.26015625
0 0.51484375 0.43984375 0.115625 0.21015625
1 0.5140625 0.31640625 0.1125 0.03203125
1 0.9546875 0.76015625 0.090625 0.0546875
0 0.95546875 0.65390625 0.0890625 0.14375
0 0.79921875 0.68828125 0.20859375 0.209375
0 0.57890625 0.66875 0.21953125 0.17890625
1 0.5828125 0.7796875 0.21640625 0.03046875
0 0.3609375 0.69296875 0.21640625 0.2078125
0 0.3671875 0.89140625 0.20078125 0.1390625
0 0.6828125 0.903125 0.2125 0.14296875
0 0.88984375 0.8796875 0.2 0.1046875
1 0.89375 0.95859375 0.20234375 0.05625
1 0.521875 0.9078125 0.10703125 0.153125