0 0.09296875 0.26171875 0.1859375 0.21796875
0 0.07890625 0.52265625 0.15703125 0.278125
0 0.0671875 0.82265625 0.134375 0.2421875
0 0.16171875 0.8546875 0.04375 0.1796875
0 0.296875 0.2609375 0.0625 0.09140625
0 0.39296875 0.22421875 0.140625 0.17890625
0 0.50859375 0.2 0.08984375 0.21640625
0 0.65 0.19609375 0.15859375 0.2078125
0 0.784375 0.22578125 0.08671875 0.1765625
0 0.878125 0.221875 0.08125 0.1734375
0 0.9609375 0.2453125 0.078125 0.121875
0 0.35546875 0.453125 0.2234375 0.23671875
0 0.5953125 0.45 0.23125 0.25
0 0.81640625 0.465625 0.20703125 0.2109375
0 0.965625 0.51875 0.06796875 0.09765625
0 0.36171875 0.72265625 0.22421875 0.246875
0 0.52734375 0.7359375 0.10390625 0.2234375
0 0.69609375 0.73203125 0.215625 0.2203125
0 0.875 0.76640625 0.11484375 0.1703125
0 0.959375 0.69609375 0.08125 0.19453125
0 0.37109375 0.92890625 0.1984375 0.1421875
0 0.5359375 0.93203125 0.1 0.1359375
0 0.63984375 0.93203125 0.0859375 0.1359375
0 0.75234375 0.928125 0.09921875 0.14296875
0 0.8625 0.93203125 0.1 0.1359375
0 0.959375 0.96640625 0.078125 0.0671875
1 0.109375 0.11875 0.21875 0.06953125
1 0.2359375 0.2328125 0.0640625 0.13671875
1 0.34453125 0.103125 0.24296875 0.0453125
1 0.29765625 0.175 0.04296875 0.07578125
1 0.828125 0.0921875 0.1796875 0.0703125
1 0.96015625 0.11953125 0.0796875 0.1234375
1 0.64609375 0.60234375 0.3234375 0.01796875
1 0.86796875 0.63203125 0.09453125 0.0984375
1 0.81796875 0.3359375 0.1984375 0.0421875
1 0.9609375 0.38671875 0.078125 0.15
1 0.9609375 0.89453125 0.078125 0.0703125
1 0.15390625 0.73125 0.025 0.06953125