0 0.2515625 0.06875 0.503125 0.1375
0 0.0734375 0.24765625 0.1421875 0.115625
0 0.0796875 0.3359375 0.1 0.06875
0 0.3265625 0.28046875 0.109375 0.1921875
0 0.48671875 0.2796875 0.2046875 0.178125
0 0.521875 0.51875 0.26171875 0.2078125
0 0.11796875 0.5203125 0.2359375 0.2015625
0 0.94453125 0.51796875 0.11015625 0.1984375
0 0.58359375 0.75703125 0.35234375 0.1859375
0 0.85 0.75 0.1734375 0.18359375
0 0.96171875 0.7453125 0.0734375 0.18515625
0 0.25078125 0.7609375 0.10703125 0.18515625
0 0.08671875 0.9375 0.1734375 0.125
0 0.31171875 0.94140625 0.16953125 0.1171875
0 0.5625 0.94765625 0.33125 0.1046875
0 0.86484375 0.94453125 0.2703125 0.1109375
1 0.7546875 0.071875 0.48984375 0.14375
1 0.20625 0.28515625 0.11484375 0.18984375
1 0.796875 0.28125 0.40625 0.190625
1 0.3109375 0.51640625 0.14453125 0.21015625
1 0.77265625 0.5171875 0.22578125 0.203125
1 0.3546875 0.76328125 0.0890625 0.190625
1 0.096875 0.75625 0.19296875 0.1921875
1 0.2015625 0.9390625 0.046875 0.121875
1 0.01328125 0.34375 0.0265625 0.0640625