1 0.82265625 0.03515625 0.109375 0.0609375
1 0.22265625 0.0640625 0.10625 0.0796875
0 0.378125 0.17890625 0.19765625 0.340625
0 0.571875 0.1765625 0.17734375 0.34765625
0 0.71484375 0.1671875 0.10234375 0.328125
0 0.821875 0.20546875 0.10859375 0.26875
0 0.93671875 0.10546875 0.11171875 0.20859375
0 0.22421875 0.22578125 0.11640625 0.23515625
0 0.08203125 0.19765625 0.16328125 0.315625
0 0.928125 0.38203125 0.14375 0.2671875
1 0.8203125 0.50234375 0.0390625 0.27265625
1 0.75703125 0.39453125 0.08515625 0.059375
0 0.75703125 0.53359375 0.08671875 0.21484375
0 0.6625 0.5046875 0.1015625 0.26875
0 0.50625 0.50546875 0.20703125 0.2671875
0 0.3515625 0.5125 0.09296875 0.26484375
1 0.10703125 0.4109375 0.10703125 0.04453125
0 0.12421875 0.5453125 0.075 0.21640625
0 0.23359375 0.51640625 0.1390625 0.25859375
1 0.06484375 0.62734375 0.0390625 0.0390625
0 0.02109375 0.5140625 0.0421875 0.2484375
0 0.0640625 0.51953125 0.0421875 0.17265625
0 0.04765625 0.409375 0.00625 0.0390625
0 0.13046875 0.809375 0.2609375 0.24921875
1 0.28046875 0.896875 0.028125 0.06953125
0 0.278125 0.77265625 0.0375 0.17578125
0 0.45390625 0.81015625 0.315625 0.25234375
0 0.74453125 0.80234375 0.0828125 0.24921875
0 0.65859375 0.82421875 0.0921875 0.1703125
1 0.65703125 0.9234375 0.08984375 0.02734375
1 0.65859375 0.7078125 0.0875 0.053125
1 0.80859375 0.80234375 0.0453125 0.26015625
0 0.91796875 0.878125 0.1640625 0.1390625
0 0.9203125 0.646875 0.159375 0.2125
0 0.4515625 0.98515625 0.21328125 0.02734375
0 0.75625 0.98515625 0.109375 0.0296875
1 0.2015625 0.98125 0.271875 0.0375
1 0.034375 0.96875 0.0640625 0.0234375
0 0.034375 0.990625 0.065625 0.01875
1 0.6296875 0.9859375 0.134375 0.028125