0 0.034375 0.1265625 0.06875 0.253125
0 0.1921875 0.1265625 0.2359375 0.253125
0 0.35703125 0.12265625 0.08828125 0.2453125
1 0.415625 0.12578125 0.02265625 0.240625
0 0.51953125 0.1265625 0.17890625 0.2453125
0 0.68046875 0.12265625 0.09140625 0.23984375
1 0.62265625 0.121875 0.021875 0.24375
1 0.80390625 0.0234375 0.1453125 0.04609375
1 0.85625 0.14921875 0.046875 0.19375
0 0.77890625 0.15078125 0.10078125 0.19765625
0 0.13671875 0.409375 0.2734375 0.25078125
0 0.465625 0.40546875 0.30390625 0.253125
0 0.2953125 0.371875 0.03828125 0.1828125
1 0.29609375 0.50234375 0.03671875 0.06640625
0 0.76171875 0.4125 0.08515625 0.26328125
0 0.66875 0.41171875 0.0921875 0.20546875
1 0.66875 0.53125 0.096875 0.0234375
1 0.66875 0.2875 0.0984375 0.03125
1 0.8265625 0.40859375 0.02734375 0.265625
0 0.94609375 0.028125 0.1078125 0.05625
0 0.94140625 0.271875 0.11640625 0.24765625
0 0.91875 0.50390625 0.1625 0.1546875
0 0.915625 0.81015625 0.16875 0.3078125
0 0.69765625 0.7609375 0.26640625 0.3703125
0 0.45 0.75703125 0.2171875 0.36640625
1 0.30234375 0.75625 0.06796875 0.365625
1 0.228125 0.8984375 0.0828125 0.0765625
1 0.178125 0.603125 0.17890625 0.07109375
0 0.225 0.74921875 0.08359375 0.21953125
0 0.13515625 0.784375 0.09609375 0.28984375
0 0.04296875 0.74453125 0.0859375 0.3609375