0 0.08515625 0.01796875 0.1703125 0.0359375
0 0.3453125 0.0125 0.325 0.02421875
0 0.70703125 0.01640625 0.3953125 0.0328125
0 0.95078125 0.01484375 0.0953125 0.0296875
0 0.98828125 0.19375 0.02265625 0.26484375
1 0.96640625 0.184375 0.015625 0.24765625
1 0.9171875 0.071875 0.0625 0.02421875
0 0.91875 0.196875 0.06796875 0.22421875
0 0.8234375 0.184375 0.10859375 0.2578125
0 0.71953125 0.19765625 0.1015625 0.2078125
1 0.70390625 0.07109375 0.13203125 0.034375
1 0.64453125 0.2796875 0.04140625 0.040625
0 0.6515625 0.17265625 0.0359375 0.1609375
0 0.578125 0.17890625 0.09453125 0.2546875
0 0.40234375 0.18515625 0.24765625 0.25078125
0 0.2390625 0.2203125 0.08515625 0.17578125
0 0.10703125 0.1859375 0.1765625 0.240625
1 0.2390625 0.09609375 0.08046875 0.0734375
0 0.0078125 0.1859375 0.01484375 0.24140625
0 0.14765625 0.4421875 0.2953125 0.21640625
0 0.37265625 0.446875 0.14609375 0.234375
0 0.53671875 0.4515625 0.1734375 0.2328125
0 0.72109375 0.45078125 0.190625 0.2359375
1 0.82890625 0.446875 0.01484375 0.22109375
0 0.92109375 0.44765625 0.1578125 0.22734375
0 0.934375 0.7484375 0.13125 0.3171875
0 0.84765625 0.6703125 0.03125 0.15546875
1 0.84921875 0.82578125 0.0375 0.153125
1 0.8125 0.7546875 0.025 0.32578125
1 0.76015625 0.88359375 0.0828125 0.05234375
0 0.7578125 0.7609375 0.075 0.1921875
1 0.70625 0.6171875 0.18671875 0.06015625
0 0.66640625 0.77890625 0.0953125 0.25390625
0 0.4890625 0.74453125 0.2578125 0.32109375
0 0.1796875 0.7328125 0.35859375 0.29765625