0 0.08125 0.07578125 0.16171875 0.14609375
0 0.240625 0.07109375 0.15234375 0.14140625
0 0.3859375 0.0640625 0.13671875 0.12265625
0 0.5328125 0.06015625 0.14609375 0.11875
0 0.68046875 0.06484375 0.1484375 0.1234375
0 0.83125 0.06171875 0.140625 0.1140625
0 0.95234375 0.0625 0.0953125 0.115625
1 0.0203125 0.19140625 0.040625 0.0390625
1 0.31171875 0.21484375 0.0671875 0.103125
0 0.02421875 0.2984375 0.0484375 0.17109375
1 0.02890625 0.40078125 0.05625 0.02734375
0 0.121875 0.2875 0.146875 0.24609375
0 0.23671875 0.2890625 0.078125 0.25234375
0 0.3109375 0.3390625 0.07265625 0.14296875
0 0.42734375 0.2734375 0.15390625 0.2578125
0 0.596875 0.28203125 0.18125 0.24296875
1 0.596875 0.15234375 0.18203125 0.01953125
0 0.740625 0.27265625 0.10078125 0.25859375
0 0.940625 0.2703125 0.11875 0.253125
0 0.83671875 0.303125 0.08984375 0.1875
1 0.83046875 0.17734375 0.08671875 0.06328125
0 0.97578125 0.54296875 0.0484375 0.2453125
1 0.940625 0.54453125 0.015625 0.23046875
0 0.89453125 0.546875 0.0703125 0.2421875
0 0.8078125 0.5453125 0.10390625 0.23671875
1 0.6953125 0.45390625 0.11796875 0.04921875
1 0.6453125 0.6359375 0.03828125 0.04921875
0 0.7109375 0.57109375 0.08984375 0.1828125
0 0.64765625 0.54296875 0.03359375 0.1296875
0 0.578125 0.54375 0.0953125 0.2265625
0 0.4125 0.53984375 0.22265625 0.221875
1 0.2625 0.46953125 0.071875 0.0703125
0 0.2609375 0.58203125 0.07578125 0.1515625
0 0.03984375 0.5484375 0.07890625 0.22734375
0 0.14921875 0.54375 0.14453125 0.2234375
1 0.96796875 0.6953125 0.06171875 0.0296875
0 0.96875 0.80859375 0.0625 0.19375
0 0.88515625 0.7921875 0.1015625 0.221875
1 0.82265625 0.79609375 0.0203125 0.221875
1 0.7203125 0.69140625 0.1796875 0.01484375
0 0.71875 0.80078125 0.1796875 0.19765625
0 0.5375 0.79609375 0.1796875 0.221875
0 0.3734375 0.7921875 0.13671875 0.2203125
1 0.15 0.6890625 0.3 0.01875
0 0.14921875 0.796875 0.2984375 0.2
0 0.2453125 0.95859375 0.490625 0.0828125
0 0.56171875 0.978125 0.13203125 0.04375
1 0.5625 0.94296875 0.1296875 0.0265625
1 0.74375 0.965625 0.22421875 0.06875
0 0.92890625 0.96484375 0.1421875 0.06953125