0 0.03359375 0.30859375 0.065625 0.24375
0 0.98671875 0.28046875 0.0265625 0.2453125
0 0.93828125 0.3265625 0.06953125 0.15625
1 0.93671875 0.20234375 0.065625 0.09140625
1 0.76015625 0.178125 0.2796875 0.040625
0 0.83515625 0.303125 0.1359375 0.2046875
0 0.69375 0.3046875 0.1390625 0.20625
0 0.55078125 0.2953125 0.13671875 0.22109375
1 0.55 0.16875 0.1453125 0.0234375
1 0.409375 0.1875 0.13203125 0.0375
0 0.4140625 0.30546875 0.13671875 0.19765625
1 0.203125 0.19453125 0.2703125 0.02890625
0 0.1375 0.315625 0.13125 0.209375
0 0.275 0.31171875 0.13984375 0.20390625
0 0.94453125 0.54453125 0.10859375 0.278125
0 0.8453125 0.58359375 0.09140625 0.19375
1 0.84140625 0.4421875 0.08828125 0.078125
1 0.66484375 0.425 0.26484375 0.03125
0 0.66171875 0.5578125 0.2703125 0.23203125
0 0.45234375 0.55546875 0.15703125 0.24921875
0 0.33359375 0.6015625 0.07890625 0.15390625
1 0.33515625 0.475 0.07890625 0.08984375
0 0.259375 0.546875 0.0765625 0.2203125
1 0.25703125 0.66796875 0.0734375 0.01796875
0 0.15 0.55546875 0.140625 0.2375
0 0.0140625 0.56015625 0.028125 0.1796875
0 0.0546875 0.55390625 0.05 0.16484375
1 0.03984375 0.45703125 0.07890625 0.03359375
1 0.05390625 0.65234375 0.05 0.028125
1 0.01484375 0.6578125 0.02890625 0.01875
1 0.959375 0.821875 0.01875 0.2375
0 0.98671875 0.81875 0.0265625 0.24375
0 0.8640625 0.81875 0.1734375 0.23203125
1 0.71640625 0.728125 0.125 0.0484375
1 0.6640625 0.8125 0.028125 0.12265625
1 0.66328125 0.90703125 0.03671875 0.0515625
0 0.728125 0.84453125 0.09609375 0.1765625
0 0.596875 0.81953125 0.09609375 0.23125
0 0.43046875 0.8125 0.23125 0.2296875
1 0.275 0.73125 0.0734375 0.065625
0 0.11796875 0.8046875 0.2359375 0.228125
0 0.275 0.84140625 0.0734375 0.153125
0 0.121875 0.96875 0.23984375 0.0625
0 0.3578125 0.97421875 0.209375 0.0515625
0 0.5546875 0.9765625 0.18125 0.046875
1 0.75078125 0.9703125 0.20859375 0.015625
0 0.75 0.9890625 0.21171875 0.021875
0 0.91015625 0.9796875 0.10546875 0.040625
1 0.98203125 0.97265625 0.03359375 0.02734375
0 0.98046875 0.99296875 0.0359375 0.0140625