1 0.7828125 0.10703125 0.41328125 0.03125
0 0.94140625 0.22734375 0.1171875 0.2046875
0 0.80234375 0.22578125 0.16328125 0.19765625
0 0.646875 0.2234375 0.14140625 0.2015625
1 0.46484375 0.10625 0.21796875 0.02265625
0 0.5015625 0.22421875 0.14375 0.20546875
0 0.38984375 0.2234375 0.0796875 0.203125
1 0.17578125 0.125 0.34765625 0.0390625
1 0.2921875 0.16171875 0.03515625 0.03359375
0 0.33046875 0.23828125 0.0359375 0.1796875
0 0.29140625 0.2515625 0.0328125 0.14375
0 0.24375 0.23125 0.059375 0.16953125
1 0.1984375 0.23359375 0.03125 0.17734375
0 0.153125 0.23125 0.05234375 0.17421875
0 0.0578125 0.2359375 0.11171875 0.184375
1 0.11953125 0.23828125 0.01015625 0.190625
0 0.9421875 0.46640625 0.11484375 0.2296875
0 0.8421875 0.5109375 0.0765625 0.146875
0 0.76796875 0.46640625 0.06953125 0.23359375
1 0.8421875 0.3953125 0.07890625 0.08671875
0 0.66015625 0.465625 0.14453125 0.23828125
1 0.5640625 0.55859375 0.0421875 0.05
1 0.5203125 0.56640625 0.0421875 0.03046875
0 0.56328125 0.45625 0.0453125 0.1453125
0 0.51953125 0.4703125 0.0453125 0.1625
0 0.39140625 0.48203125 0.07578125 0.19765625
1 0.2921875 0.36171875 0.58359375 0.0375
1 0.33515625 0.4828125 0.0359375 0.203125
0 0.24609375 0.48125 0.13984375 0.19921875
0 0.10625 0.47734375 0.1421875 0.18828125
0 0.0171875 0.47265625 0.03359375 0.18515625
0 0.9046875 0.73125 0.190625 0.20078125
0 0.77109375 0.75390625 0.075 0.14921875
0 0.6625 0.715625 0.13984375 0.22265625
1 0.77109375 0.6421875 0.06875 0.06953125
1 0.90234375 0.6140625 0.190625 0.0234375
0 0.546875 0.7140625 0.0875 0.22265625
0 0.45625 0.7265625 0.084375 0.18671875
0 0.33515625 0.7109375 0.1515625 0.2328125
1 0.45859375 0.6171875 0.08671875 0.025
0 0.21875 0.76875 0.071875 0.06796875
1 0.22578125 0.66875 0.05625 0.146875
0 0.1515625 0.71953125 0.0859375 0.16796875
0 0.06875 0.7375 0.07578125 0.10078125
1 0.0703125 0.63828125 0.06875 0.09375
1 0.14921875 0.6140625 0.08671875 0.04140625
1 0.0171875 0.6109375 0.03203125 0.0484375
0 0.015625 0.7125 0.03125 0.15390625
0 0.04765625 0.91015625 0.090625 0.1796875
0 0.13046875 0.92890625 0.071875 0.1421875
1 0.1265625 0.83671875 0.0640625 0.03046875
0 0.33125 0.91171875 0.32734375 0.1765625
1 0.50859375 0.925 0.0234375 0.15
0 0.6703125 0.92265625 0.28671875 0.15390625
0 0.909375 0.925 0.18125 0.15