0 0.94140625 0.01328125 0.1140625 0.0265625
0 0.8078125 0.01171875 0.16328125 0.02265625
0 0.6359375 0.0125 0.1671875 0.025
0 0.4390625 0.01484375 0.21953125 0.0296875
0 0.2546875 0.01484375 0.146875 0.0296875
1 0.16171875 0.01328125 0.03828125 0.0265625
0 0.11328125 0.01484375 0.0546875 0.0296875
1 0.0765625 0.015625 0.025 0.028125
0 0.03046875 0.0171875 0.05859375 0.03046875
0 0.94453125 0.178125 0.1109375 0.25078125
1 0.8421875 0.10703125 0.075 0.10078125
0 0.84765625 0.23203125 0.0765625 0.14765625
0 0.76875 0.17578125 0.08203125 0.24609375
0 0.64453125 0.17734375 0.14453125 0.2515625
1 0.54453125 0.17265625 0.04921875 0.23125
1 0.503125 0.2828125 0.0359375 0.021875
1 0.42421875 0.07421875 0.1859375 0.0328125
0 0.4640625 0.18125 0.10859375 0.171875
0 0.44765625 0.28046875 0.07109375 0.0296875
1 0.3140625 0.18203125 0.04453125 0.2359375
1 0.14609375 0.078125 0.28828125 0.0265625
0 0.1453125 0.19453125 0.2875 0.20546875
1 0.90234375 0.34140625 0.1890625 0.0328125
1 0.7640625 0.365625 0.0703125 0.071875
0 0.90078125 0.4546875 0.1984375 0.19296875
0 0.765625 0.475 0.075 0.14609375
0 0.653125 0.434375 0.15 0.22265625
0 0.534375 0.43828125 0.0890625 0.21796875
1 0.44453125 0.34921875 0.0890625 0.0453125
0 0.44453125 0.46171875 0.09140625 0.17109375
0 0.31796875 0.4375 0.1625 0.225
1 0.2078125 0.3953125 0.06171875 0.14375
0 0.2046875 0.5046875 0.06015625 0.07109375
0 0.13125 0.453125 0.08828125 0.1578125
0 0.04609375 0.48203125 0.08359375 0.09921875
0 0.00390625 0.45 0.0078125 0.1625
1 0.0875 0.3515625 0.171875 0.04375
1 0.04609375 0.40625 0.075 0.0609375
1 0.5015625 0.6796875 0.0234375 0.20546875
0 0.97578125 0.68515625 0.0484375 0.21484375
0 0.88125 0.68515625 0.1421875 0.21640625
0 0.66171875 0.68515625 0.29609375 0.2125
0 0.4 0.67265625 0.17421875 0.21015625
0 0.18359375 0.68125 0.08046875 0.22734375
0 0.27265625 0.68046875 0.09140625 0.1828125
1 0.2671875 0.5765625 0.0921875 0.0203125
1 0.1125 0.58515625 0.05859375 0.05234375
1 0.04296875 0.57109375 0.0828125 0.01875
0 0.1125 0.6890625 0.059375 0.1484375
0 0.040625 0.67578125 0.08125 0.1890625
0 0.9375 0.921875 0.125 0.153125
0 0.7984375 0.92578125 0.153125 0.1484375
1 0.85703125 0.821875 0.27421875 0.03828125
1 0.590625 0.82578125 0.25234375 0.040625
0 0.6296875 0.921875 0.175 0.15625
0 0.50390625 0.921875 0.0765625 0.15625
0 0.41953125 0.903125 0.0921875 0.19375
0 0.296875 0.90625 0.0625 0.1875
0 0.35390625 0.928125 0.0421875 0.14375
1 0.3546875 0.83046875 0.0453125 0.05
1 0.15859375 0.8203125 0.096875 0.053125
0 0.2375 0.90234375 0.0578125 0.19375
0 0.1578125 0.921875 0.09375 0.15625
0 0.05390625 0.89765625 0.1078125 0.2046875