0 0.89921875 0.009375 0.20078125 0.01875
0 0.709375 0.0109375 0.146875 0.021875
1 0.61015625 0.01015625 0.04609375 0.0203125
1 0.525 0.01171875 0.115625 0.01171875
0 0.4234375 0.01171875 0.065625 0.021875
1 0.36484375 0.0109375 0.0453125 0.0171875
0 0.26875 0.009375 0.1375 0.01875
0 0.10234375 0.01015625 0.1390625 0.01953125
0 0.0171875 0.0125 0.034375 0.025
1 0.18828125 0.009375 0.021875 0.01875
1 0.8265625 0.0953125 0.0671875 0.08203125
1 0.93046875 0.06796875 0.1390625 0.028125
0 0.9296875 0.19140625 0.140625 0.21328125
0 0.82578125 0.21640625 0.065625 0.1578125
0 0.7140625 0.1703125 0.153125 0.2421875
0 0.58203125 0.17109375 0.08046875 0.2421875
1 0.49453125 0.07421875 0.09296875 0.053125
0 0.49453125 0.19765625 0.090625 0.18828125
0 0.36171875 0.16875 0.16171875 0.23359375
1 0.25 0.1328125 0.0609375 0.165625
1 0.10859375 0.08203125 0.2171875 0.0515625
1 0.0875 0.13984375 0.07578125 0.0609375
0 0.171875 0.184375 0.0859375 0.14921875
0 0.25 0.25 0.065625 0.0640625
0 0.08671875 0.22578125 0.08046875 0.1015625
0 0.02421875 0.1984375 0.04765625 0.17578125
1 0.171875 0.271875 0.08125 0.02890625
1 0.0921875 0.31875 0.1828125 0.0234375
1 0.1578125 0.34296875 0.0515625 0.01953125
0 0.06484375 0.41171875 0.12890625 0.16640625
0 0.1578125 0.42890625 0.05703125 0.140625
0 0.27265625 0.40859375 0.17109375 0.20859375
0 0.45078125 0.41953125 0.17734375 0.215625
1 0.55 0.4203125 0.02109375 0.20859375
1 0.7109375 0.32265625 0.296875 0.0234375
0 0.71015625 0.43671875 0.29453125 0.2046875
0 0.93125 0.43203125 0.134375 0.22109375
0 0.9765625 0.721875 0.046875 0.26328125
1 0.73046875 0.57734375 0.42578125 0.034375
0 0.86171875 0.7234375 0.17109375 0.25546875
0 0.68046875 0.721875 0.1828125 0.25078125
0 0.46640625 0.6953125 0.0921875 0.28359375
0 0.55078125 0.72578125 0.075 0.25
1 0.4 0.5765625 0.0375 0.0609375
1 0.2109375 0.5640625 0.08359375 0.0515625
1 0.31640625 0.5515625 0.1234375 0.0203125
0 0.31640625 0.69453125 0.1265625 0.2609375
0 0.4015625 0.71953125 0.040625 0.2234375
0 0.209375 0.70625 0.0859375 0.23203125
0 0.084375 0.67109375 0.16328125 0.28125