0 0.12265625 0.0640625 0.2453125 0.12734375
0 0.36640625 0.06015625 0.25 0.11953125
0 0.9890625 0.0640625 0.021875 0.125
1 0.9546875 0.06328125 0.0421875 0.1265625
0 0.85703125 0.06171875 0.15 0.12265625
0 0.69921875 0.06171875 0.1640625 0.12109375
0 0.553125 0.059375 0.1203125 0.1171875
0 0.921875 0.26015625 0.15546875 0.228125
0 0.80390625 0.3328125 0.08125 0.07265625
1 0.803125 0.221875 0.07890625 0.14296875
1 0.72578125 0.17578125 0.075 0.0546875
1 0.63984375 0.2015625 0.09140625 0.115625
0 0.725 0.28828125 0.07578125 0.1625
0 0.63984375 0.31640625 0.08984375 0.109375
0 0.55234375 0.28515625 0.08828125 0.1703125
1 0.55078125 0.1703125 0.0828125 0.05546875
0 0.42265625 0.26015625 0.17109375 0.22265625
0 0.2625 0.2625 0.1453125 0.21796875
0 0.1484375 0.26171875 0.0828125 0.21015625
0 0.0796875 0.31875 0.05546875 0.09765625
0 0.02421875 0.29453125 0.0484375 0.1484375
1 0.02421875 0.1890625 0.0484375 0.059375
1 0.07734375 0.21796875 0.0515625 0.11875
0 0.86484375 0.5 0.2703125 0.21328125
0 0.4078125 0.496875 0.1609375 0.20546875
0 0.5671875 0.48046875 0.15703125 0.1921875
1 0.5671875 0.590625 0.15859375 0.02734375
1 0.68828125 0.590625 0.0796875 0.02265625
1 0.6875 0.409375 0.075 0.0328125
0 0.6875 0.503125 0.07890625 0.1484375
0 0.246875 0.49609375 0.1546875 0.20234375
0 0.14296875 0.5171875 0.0578125 0.1421875
1 0.14296875 0.4171875 0.05 0.053125
0 0.07265625 0.48984375 0.08125 0.1921875
0 0.015625 0.51328125 0.03125 0.1609375
1 0.01484375 0.409375 0.0296875 0.0375
0 0.06015625 0.74609375 0.11953125 0.26875
0 0.97734375 0.77890625 0.0453125 0.2953125
0 0.878125 0.7828125 0.06796875 0.28359375
0 0.934375 0.8078125 0.0390625 0.24296875
1 0.9359375 0.66171875 0.0375 0.05
1 0.71640625 0.65625 0.10859375 0.0546875
0 0.80859375 0.7734375 0.06875 0.2796875
0 0.71796875 0.8015625 0.11015625 0.2234375
0 0.58828125 0.7671875 0.14375 0.284375
0 0.3984375 0.7609375 0.22890625 0.28359375
0 0.2015625 0.75703125 0.15859375 0.2828125