1 0.72265625 0.01484375 0.5546875 0.0296875
1 0.90703125 0.046875 0.065625 0.028125
0 0.9703125 0.13046875 0.059375 0.19375
0 0.90703125 0.1453125 0.06484375 0.1609375
0 0.840625 0.12578125 0.06328125 0.19453125
1 0.78828125 0.12265625 0.03125 0.184375
1 0.70546875 0.12265625 0.01796875 0.17734375
1 0.5703125 0.1234375 0.0140625 0.18125
1 0.63515625 0.125 0.00859375 0.18828125
0 0.6671875 0.1234375 0.05234375 0.18203125
0 0.50390625 0.1265625 0.1125 0.18515625
0 0.4046875 0.10859375 0.0765625 0.2109375
1 0.3296875 0.071875 0.06953125 0.14375
0 0.253125 0.1109375 0.07421875 0.21484375
0 0.33046875 0.18515625 0.0703125 0.07578125
0 0.1953125 0.1125 0.1828125 0.2125
1 0.803125 0.2578125 0.3890625 0.03671875
1 0.909375 0.37265625 0.03203125 0.19140625
0 0.96328125 0.37265625 0.07265625 0.18828125
0 0.8171875 0.37109375 0.140625 0.190625
0 0.678125 0.36484375 0.1375 0.1921875
1 0.48125 0.25078125 0.25703125 0.02109375
1 0.1765625 0.25234375 0.35234375 0.0109375
0 0.47734375 0.3625 0.24140625 0.20078125
0 0.30703125 0.36015625 0.11015625 0.19765625
0 0.1328125 0.3609375 0.2390625 0.1921875
0 0.00625 0.3640625 0.01171875 0.20625
0 0.03046875 0.61484375 0.06015625 0.140625
0 0.09375 0.6328125 0.0609375 0.10078125
0 0.1609375 0.58671875 0.07109375 0.19921875
1 0.0609375 0.5140625 0.121875 0.0578125
1 0.090625 0.56484375 0.0578125 0.0390625
1 0.34609375 0.4953125 0.2921875 0.0234375
0 0.26640625 0.59609375 0.1390625 0.1703125
0 0.415625 0.60234375 0.15625 0.18515625
1 0.53828125 0.50859375 0.08515625 0.04765625
0 0.53828125 0.6125 0.08671875 0.1578125
0 0.62265625 0.634375 0.07734375 0.109375
0 0.7015625 0.59765625 0.0796875 0.1484375
1 0.6203125 0.53359375 0.078125 0.09296875
1 0.70078125 0.50390625 0.08203125 0.03515625
1 0.7015625 0.68125 0.07578125 0.01796875
1 0.778125 0.55625 0.071875 0.1375
0 0.77890625 0.653125 0.07265625 0.0546875
0 0.89296875 0.59453125 0.15390625 0.209375
0 0.98671875 0.61484375 0.0265625 0.17109375
1 0.97890625 0.50703125 0.0421875 0.0296875
1 0.83515625 0.7296875 0.075 0.01953125
1 0.675 0.7390625 0.07265625 0.0421875
1 0.59765625 0.72578125 0.08203125 0.0234375
1 0.4046875 0.72109375 0.3046875 0.01953125
1 0.14609375 0.7296875 0.0421875 0.04921875
1 0.01640625 0.71875 0.0328125 0.04375
0 0.93671875 0.82265625 0.1265625 0.2046875
0 0.75546875 0.81796875 0.0828125 0.1984375
0 0.8359375 0.828125 0.0796875 0.17578125
0 0.6734375 0.8296875 0.07265625 0.13203125
0 0.5953125 0.81640625 0.07890625 0.15625
0 0.51796875 0.8140625 0.08046875 0.165625
1 0.59453125 0.91171875 0.23671875 0.028125
0 0.3640625 0.82109375 0.22421875 0.17578125
0 0.21015625 0.8046875 0.08203125 0.19453125
0 0.14609375 0.82578125 0.046875 0.14140625
0 0.07734375 0.79765625 0.08671875 0.19375
0 0.01640625 0.81953125 0.0328125 0.15
0 0.05859375 0.959375 0.1171875 0.08125
0 0.203125 0.9625 0.1625 0.075
0 0.38671875 0.96796875 0.2046875 0.0640625
0 0.56953125 0.97109375 0.13359375 0.05703125
1 0.69609375 0.9734375 0.11171875 0.053125
1 0.9078125 0.9765625 0.04921875 0.046875
0 0.9671875 0.97578125 0.065625 0.0484375
0 0.81640625 0.97421875 0.1265625 0.0515625
0 0.05390625 0.12421875 0.1078125 0.23984375