0 0.0984375 0.0953125 0.1921875 0.18515625
0 0.49765625 0.0890625 0.28046875 0.178125
0 0.946875 0.0921875 0.10625 0.1796875
0 0.865625 0.31796875 0.26875 0.2046875
0 0.55546875 0.321875 0.34375 0.2
0 0.221875 0.32421875 0.10546875 0.19296875
0 0.07421875 0.54140625 0.1484375 0.1640625
0 0.27890625 0.55078125 0.18125 0.16171875
0 0.540625 0.5453125 0.33125 0.15859375
0 0.85546875 0.540625 0.2890625 0.165625
0 0.971875 0.7234375 0.05625 0.13046875
0 0.80078125 0.72578125 0.28203125 0.13203125
0 0.06484375 0.725 0.12734375 0.13125
0 0.25703125 0.73046875 0.25390625 0.12578125
0 0.4359375 0.73125 0.10390625 0.1359375
0 0.17109375 0.8875 0.3359375 0.12421875
0 0.56796875 0.85703125 0.0890625 0.06796875
0 0.89375 0.8859375 0.2125 0.115625
1 0.2765625 0.09296875 0.1625 0.18046875
1 0.76796875 0.090625 0.246875 0.17890625
1 0.08359375 0.33046875 0.16328125 0.19375
1 0.328125 0.32578125 0.10546875 0.203125
1 0.16875 0.5453125 0.03125 0.16640625
1 0.43125 0.890625 0.171875 0.12109375
1 0.5734375 0.9203125 0.096875 0.05390625
1 0.7015625 0.8890625 0.1640625 0.1171875
1 0.57421875 0.7296875 0.1640625 0.13984375