1 0.7265625 0.15 0.53984375 0.02578125
0 0.96953125 0.2609375 0.0609375 0.18984375
0 0.846875 0.2578125 0.0609375 0.18359375
0 0.91015625 0.26328125 0.0578125 0.15546875
1 0.909375 0.17421875 0.0609375 0.01640625
1 0.79375 0.2578125 0.03359375 0.18046875
1 0.7140625 0.2609375 0.0328125 0.17890625
1 0.575 0.26171875 0.0203125 0.19140625
1 0.64296875 0.2515625 0.01015625 0.1765625
1 0.3421875 0.20703125 0.0703125 0.11796875
0 0.08203125 0.26015625 0.16328125 0.2
0 0.23515625 0.25625 0.140625 0.20390625
0 0.34375 0.31015625 0.075 0.0859375
0 0.41796875 0.24765625 0.078125 0.2078125
0 0.51171875 0.25625 0.10703125 0.18515625
0 0.6109375 0.25390625 0.0515625 0.1765625
0 0.67265625 0.253125 0.04609375 0.17734375
0 0.75390625 0.2546875 0.0453125 0.178125
1 0.83125 0.38671875 0.3375 0.0359375
1 0.9140625 0.50390625 0.03125 0.1921875
0 0.9671875 0.49921875 0.065625 0.18125
0 0.82578125 0.49453125 0.13984375 0.1796875
0 0.70859375 0.4953125 0.09375 0.18125
0 0.6375 0.4796875 0.0421875 0.21640625
0 0.5484375 0.47890625 0.12421875 0.2265625
0 0.43046875 0.48203125 0.1125 0.21328125
0 0.31875 0.4796875 0.1109375 0.21171875
0 0.14375 0.4859375 0.234375 0.20234375
0 0.0140625 0.48671875 0.02734375 0.20546875
0 0.91171875 0.71796875 0.17578125 0.20625
1 0.7890625 0.684375 0.071875 0.134375
1 0.63046875 0.63515625 0.23828125 0.03984375
0 0.709375 0.7265625 0.07421875 0.14453125
1 0.70859375 0.80703125 0.075 0.0171875
1 0.63203125 0.6796875 0.07734375 0.0484375
0 0.63203125 0.76015625 0.0765625 0.11171875
0 0.5515625 0.73515625 0.0828125 0.1546875
0 0.4265625 0.715625 0.16328125 0.20703125
0 0.2734375 0.71171875 0.14140625 0.20078125
0 0.16796875 0.7109375 0.07109375 0.1984375
0 0.03359375 0.7359375 0.0671875 0.14453125
0 0.10078125 0.759375 0.0625 0.0921875
1 0.03515625 0.6359375 0.0703125 0.04921875
1 0.10078125 0.6609375 0.059375 0.0984375
1 0.84453125 0.85390625 0.06640625 0.01953125
1 0.8859375 0.9171875 0.0046875 0.15078125
0 0.9453125 0.92421875 0.109375 0.1515625
0 0.84375 0.93359375 0.07265625 0.13203125
0 0.7671875 0.921875 0.07890625 0.15625
1 0.6875 0.86328125 0.07578125 0.0390625
0 0.6875 0.94375 0.078125 0.1125
1 0.48671875 0.85234375 0.31484375 0.0265625
0 0.48828125 0.9328125 0.3234375 0.134375
1 0.01796875 0.8484375 0.03515625 0.04140625
1 0.153125 0.85625 0.0375 0.05
0 0.25078125 0.9171875 0.1578125 0.165625
0 0.14765625 0.9421875 0.0453125 0.11484375
0 0.08359375 0.91171875 0.0984375 0.1765625
0 0.01796875 0.934375 0.0359375 0.13125