0 0.0140625 0.27734375 0.0234375 0.22734375
0 0.1109375 0.271875 0.16640625 0.21953125
0 0.28125 0.2671875 0.17578125 0.221875
0 0.978125 0.26953125 0.04375 0.225
0 0.92109375 0.31640625 0.07109375 0.1359375
1 0.92265625 0.2015625 0.0640625 0.09296875
0 0.80390625 0.26640625 0.16328125 0.22890625
0 0.63046875 0.26015625 0.17109375 0.22421875
0 0.45703125 0.2640625 0.1734375 0.2234375
0 0.91015625 0.52109375 0.1796875 0.24140625
0 0.690625 0.5203125 0.25234375 0.2375
0 0.43671875 0.515625 0.25390625 0.2390625
0 0.2640625 0.515625 0.0890625 0.22421875
0 0.0734375 0.5140625 0.14140625 0.22890625
0 0.18671875 0.55 0.08359375 0.15078125
1 0.18515625 0.4375 0.07890625 0.06796875
0 0.0421875 0.75859375 0.084375 0.2171875
0 0.95078125 0.77734375 0.0984375 0.2296875
0 0.82421875 0.7734375 0.15546875 0.2234375
0 0.703125 0.77265625 0.0828125 0.215625
1 0.5796875 0.69140625 0.15234375 0.06484375
1 0.615625 0.75 0.07890625 0.04140625
0 0.615625 0.825 0.08125 0.10390625
0 0.53984375 0.80234375 0.0765625 0.1515625
1 0.453125 0.68828125 0.09296875 0.05625
0 0.3625 0.7703125 0.09140625 0.21484375
0 0.45390625 0.8 0.09453125 0.15859375
1 0.278125 0.71796875 0.0734375 0.12109375
0 0.28046875 0.825 0.07421875 0.0890625
0 0.1625 0.759375 0.1578125 0.21640625
1 0.1171875 0.903125 0.2296875 0.04375
0 0.1171875 0.96328125 0.234375 0.071875
1 0.38671875 0.91640625 0.30234375 0.040625
0 0.38828125 0.96640625 0.30078125 0.05859375
1 0.66796875 0.9265625 0.0796875 0.05078125
0 0.58359375 0.953125 0.0890625 0.09375
0 0.66796875 0.97578125 0.0765625 0.0484375
0 0.8546875 0.9546875 0.2875 0.08671875