0 0.02578125 0.07109375 0.0515625 0.14140625
0 0.13671875 0.06484375 0.1703125 0.12890625
0 0.31171875 0.065625 0.175 0.12421875
0 0.57421875 0.06015625 0.3796875 0.1203125
0 0.846875 0.0625 0.1609375 0.125
0 0.965625 0.0625 0.06875 0.125
0 0.9328125 0.271875 0.134375 0.2421875
0 0.7296875 0.2734375 0.26328125 0.24140625
0 0.465625 0.27265625 0.26796875 0.240625
0 0.29453125 0.27265625 0.08515625 0.23984375
1 0.21484375 0.19453125 0.07421875 0.07890625
0 0.2171875 0.315625 0.075 0.1578125
0 0.090625 0.28125 0.17890625 0.2265625
0 0.0640625 0.51875 0.12734375 0.21640625
0 0.20390625 0.51875 0.15390625 0.2109375
1 0.321875 0.4765625 0.0640625 0.1265625
0 0.3203125 0.5875 0.07421875 0.0875
0 0.40078125 0.5234375 0.078125 0.2171875
1 0.56640625 0.44296875 0.24765625 0.0765625
0 0.525 0.5546875 0.17109375 0.14453125
1 0.653125 0.50546875 0.07734375 0.040625
0 0.6578125 0.578125 0.08203125 0.09453125
0 0.73828125 0.5234375 0.08203125 0.2203125
0 0.8546875 0.53046875 0.14921875 0.22578125
0 0.965625 0.534375 0.06796875 0.21875
0 0.95234375 0.76875 0.0953125 0.209375
0 0.86640625 0.76875 0.0765625 0.2171875
0 0.78046875 0.765625 0.08515625 0.21484375
0 0.70234375 0.78984375 0.0734375 0.14765625
1 0.7015625 0.6859375 0.07109375 0.05234375
0 0.62421875 0.765625 0.08828125 0.21484375
1 0.43828125 0.68125 0.27578125 0.05078125
0 0.43671875 0.790625 0.2828125 0.16171875
1 0.14921875 0.66875 0.290625 0.05234375
0 0.14609375 0.7796875 0.2921875 0.159375
0 0.015625 0.934375 0.03125 0.13046875
0 0.0984375 0.940625 0.121875 0.11875
0 0.3296875 0.940625 0.3390625 0.11484375
0 0.59453125 0.95 0.1828125 0.1
0 0.76875 0.9484375 0.16796875 0.103125
0 0.92578125 0.95 0.1484375 0.0953125