0 0.975 0.06171875 0.05 0.1203125
0 0.91484375 0.04921875 0.06015625 0.0984375
1 0.915625 0.11171875 0.065625 0.0203125
0 0.7421875 0.0578125 0.275 0.115625
0 0.46796875 0.05234375 0.27578125 0.1046875
0 0.24140625 0.05234375 0.1734375 0.10390625
0 0.078125 0.05546875 0.15625 0.10546875
0 0.053125 0.2453125 0.10234375 0.22109375
0 0.1875 0.2421875 0.165625 0.22890625
1 0.90078125 0.15390625 0.1953125 0.03203125
0 0.90078125 0.27890625 0.1984375 0.2140625
0 0.7515625 0.25859375 0.09609375 0.23515625
1 0.65625 0.19375 0.08828125 0.11640625
0 0.6578125 0.31015625 0.08984375 0.11640625
1 0.575 0.17265625 0.0734375 0.06796875
0 0.5734375 0.28828125 0.07734375 0.1609375
1 0.4875 0.16484375 0.1 0.075
0 0.48359375 0.2828125 0.09296875 0.15859375
0 0.39453125 0.24765625 0.0859375 0.2328125
1 0.3125 0.1625 0.08125 0.0609375
1 0.309375 0.23671875 0.0765625 0.08203125
0 0.3109375 0.31953125 0.078125 0.084375
0 0.915625 0.51171875 0.16875 0.215625
0 0.78984375 0.5109375 0.08359375 0.221875
0 0.70703125 0.53046875 0.084375 0.16953125
1 0.70625 0.4171875 0.078125 0.05
0 0.62265625 0.50078125 0.08046875 0.21171875
1 0.521875 0.41171875 0.1140625 0.05625
0 0.5234375 0.521875 0.1171875 0.16875
1 0.37421875 0.4109375 0.17265625 0.04765625
0 0.375 0.51875 0.178125 0.1671875
1 0.20234375 0.4015625 0.16640625 0.0421875
0 0.1953125 0.50859375 0.175 0.1640625
1 0.06015625 0.3953125 0.1203125 0.04140625
0 0.053125 0.490625 0.10625 0.14609375
1 0.053125 0.57734375 0.1015625 0.034375
0 0.01796875 0.75078125 0.0359375 0.2859375
0 0.0796875 0.7546875 0.078125 0.290625
0 0.18671875 0.759375 0.13359375 0.2890625
0 0.37734375 0.76875 0.2421875 0.29296875
0 0.59140625 0.78359375 0.178125 0.3
0 0.759375 0.790625 0.16171875 0.3
0 0.92109375 0.79921875 0.15703125 0.31015625