1 0.12734375 0.6515625 0.05703125 0.065625
1 0.80625 0.4234375 0.37734375 0.04921875
0 0.90859375 0.5453125 0.1828125 0.1875
0 0.7140625 0.546875 0.20546875 0.19765625
0 0.4953125 0.515625 0.24375 0.21875
1 0.43203125 0.3921875 0.11171875 0.02265625
1 0.07109375 0.4 0.1421875 0.059375
0 0.0734375 0.51171875 0.146875 0.1609375
0 0.25546875 0.48828125 0.21796875 0.2359375
0 0.96796875 0.05546875 0.0640625 0.1078125
0 0.8359375 0.0546875 0.190625 0.109375
0 0.64375 0.04921875 0.18203125 0.09765625
0 0.50859375 0.046875 0.08984375 0.0890625
0 0.37421875 0.0453125 0.17421875 0.090625
0 0.1890625 0.04375 0.18515625 0.08671875
0 0.05 0.0421875 0.09921875 0.084375
0 0.95625 0.26328125 0.0875 0.253125
1 0.8703125 0.16328125 0.075 0.06015625
0 0.86953125 0.290625 0.08125 0.19140625
0 0.73515625 0.25625 0.178125 0.253125
0 0.55703125 0.24453125 0.18046875 0.25390625
1 0.42734375 0.14921875 0.07421875 0.05078125
0 0.42578125 0.2765625 0.07890625 0.1765625
1 0.35234375 0.1703125 0.07109375 0.115625
0 0.35546875 0.2921875 0.0765625 0.12578125
0 0.07578125 0.23515625 0.14921875 0.2375
0 0.23359375 0.23515625 0.159375 0.2375
0 0.125 0.8015625 0.06015625 0.22421875
0 0.265625 0.78125 0.21484375 0.3203125
0 0.440625 0.76328125 0.128125 0.26171875
1 0.4453125 0.92578125 0.1203125 0.05546875
0 0.58125 0.80546875 0.14296875 0.328125
0 0.73515625 0.81796875 0.153125 0.3078125
0 0.90703125 0.8265625 0.1859375 0.30859375
0 0.05 0.746875 0.09375 0.284375