0 0.97578125 0.10234375 0.0453125 0.2046875
0 0.85390625 0.1 0.19453125 0.19921875
0 0.6625 0.10078125 0.19140625 0.2015625
1 0.5546875 0.09765625 0.02421875 0.19453125
0 0.5 0.0953125 0.07734375 0.190625
1 0.453125 0.096875 0.0203125 0.19296875
0 0.2171875 0.096875 0.26015625 0.1921875
0 0.40390625 0.096875 0.11640625 0.18828125
0 0.04375 0.1 0.0875 0.2
0 0.88828125 0.35625 0.2234375 0.26171875
1 0.73125 0.26328125 0.08828125 0.0921875
0 0.73046875 0.39375 0.0875 0.1640625
1 0.48046875 0.23203125 0.4109375 0.02578125
0 0.3546875 0.3546875 0.16484375 0.2109375
0 0.5609375 0.35625 0.2421875 0.228125
1 0.26171875 0.34296875 0.02265625 0.24140625
0 0.1703125 0.340625 0.1546875 0.23203125
1 0.053125 0.27109375 0.07734375 0.0875
0 0.05390625 0.384375 0.08359375 0.1328125
0 0.00546875 0.34375 0.0109375 0.2328125
1 0.8203125 0.52890625 0.075 0.0609375
1 0.82109375 0.59921875 0.08125 0.07890625
1 0.9765625 0.53671875 0.04609375 0.071875
0 0.90703125 0.6140625 0.08828125 0.225
0 0.97734375 0.65234375 0.04453125 0.153125
0 0.81875 0.68125 0.0796875 0.08671875
0 0.690625 0.61171875 0.17265625 0.22578125
0 0.521875 0.60703125 0.16640625 0.22421875
1 0.36640625 0.51484375 0.140625 0.05390625
0 0.2484375 0.59609375 0.09296875 0.21328125
0 0.36796875 0.65078125 0.1453125 0.13046875
0 0.4 0.5640625 0.07109375 0.040625
1 0.334375 0.5609375 0.0765625 0.03671875
0 0.1671875 0.5953125 0.0828125 0.22109375
0 0.0625 0.59375 0.12265625 0.21953125
0 0.98203125 0.88828125 0.0359375 0.1890625
1 0.8796875 0.77109375 0.23984375 0.0421875
0 0.86328125 0.8859375 0.196875 0.17734375
1 0.54296875 0.76796875 0.4265625 0.05703125
0 0.66875 0.884375 0.18671875 0.16875
0 0.5125 0.86796875 0.12109375 0.14140625
1 0.515625 0.95078125 0.128125 0.028125
0 0.38828125 0.878125 0.115625 0.16015625
0 0.23203125 0.84375 0.2015625 0.23046875
1 0.0625 0.75078125 0.125 0.0671875