0 0.95 0.23359375 0.09921875 0.24921875
0 0.80859375 0.23046875 0.1859375 0.25
0 0.621875 0.2265625 0.1890625 0.2359375
1 0.51640625 0.2265625 0.01796875 0.23828125
0 0.46640625 0.228125 0.08046875 0.228125
0 0.3734375 0.23046875 0.10078125 0.22421875
0 0.1953125 0.24296875 0.24921875 0.2171875
1 0.0359375 0.14453125 0.071875 0.0265625
0 0.034375 0.25625 0.06875 0.19296875
0 0.9140625 0.49765625 0.171875 0.2359375
0 0.78359375 0.4984375 0.09296875 0.24765625
1 0.696875 0.4125 0.084375 0.08046875
0 0.696875 0.53515625 0.07890625 0.165625
0 0.57265625 0.496875 0.1671875 0.246875
0 0.44765625 0.49765625 0.09453125 0.240625
0 0.3234375 0.49375 0.1546875 0.2265625
0 0.15859375 0.48671875 0.17265625 0.22734375
1 0.0359375 0.4234375 0.071875 0.08203125
0 0.03671875 0.53359375 0.071875 0.13203125
1 0.9640625 0.67421875 0.071875 0.06640625
0 0.9640625 0.784375 0.071875 0.1515625
0 0.88046875 0.75234375 0.09609375 0.2203125
1 0.7890625 0.66796875 0.08359375 0.05078125
0 0.78828125 0.77734375 0.084375 0.165625
0 0.65703125 0.75 0.17578125 0.21640625
0 0.48828125 0.74921875 0.1578125 0.21875
1 0.33671875 0.66171875 0.1390625 0.0609375
1 0.29921875 0.71328125 0.06328125 0.03984375
0 0.37109375 0.7765625 0.07890625 0.1640625
0 0.3 0.78515625 0.0640625 0.10234375
1 0.30078125 0.846875 0.06484375 0.0203125
0 0.22109375 0.74296875 0.09375 0.22265625
0 0.13671875 0.7421875 0.07578125 0.22109375
0 0.0640625 0.7359375 0.0640625 0.21328125
0 0.01640625 0.73125 0.03125 0.209375
1 0.778125 0.91640625 0.44375 0.05390625
0 0.97109375 0.9734375 0.05703125 0.053125
0 0.8453125 0.971875 0.196875 0.05625
0 0.65078125 0.971875 0.18671875 0.05625
1 0.42890625 0.91015625 0.253125 0.05390625
0 0.4265625 0.96953125 0.25625 0.0609375
1 0.04765625 0.89375 0.09453125 0.05078125
1 0.021875 0.934375 0.04375 0.02890625
0 0.19765625 0.93671875 0.1984375 0.12578125
0 0.0703125 0.95703125 0.0515625 0.07734375
0 0.021875 0.97578125 0.04375 0.0484375