0 0.13671875 0.1078125 0.2734375 0.19765625
0 0.3890625 0.1109375 0.23125 0.19453125
0 0.5828125 0.1171875 0.153125 0.19453125
0 0.74140625 0.125 0.15703125 0.19453125
0 0.91015625 0.13515625 0.17890625 0.19453125
0 0.34296875 0.32578125 0.12890625 0.20234375
0 0.49609375 0.33046875 0.14296875 0.20078125
0 0.60390625 0.33359375 0.07265625 0.1984375
0 0.70390625 0.3359375 0.1234375 0.20859375
0 0.94921875 0.3453125 0.09921875 0.20234375
0 0.86484375 0.34296875 0.07265625 0.20078125
0 0.796875 0.375 0.06328125 0.1328125
1 0.79765625 0.278125 0.05703125 0.0734375
1 0.41640625 0.32890625 0.0140625 0.196875
0 0.09453125 0.32109375 0.18828125 0.19765625
0 0.23203125 0.36640625 0.08828125 0.12578125
1 0.234375 0.2640625 0.08515625 0.078125
0 0.04296875 0.5328125 0.08515625 0.19765625
0 0.1203125 0.56015625 0.06640625 0.140625
0 0.19296875 0.53671875 0.071875 0.19375
0 0.2640625 0.53828125 0.0703125 0.1984375
0 0.33203125 0.540625 0.0625 0.19453125
0 0.4 0.540625 0.0703125 0.19296875
0 0.503125 0.56953125 0.12890625 0.14140625
1 0.50078125 0.4734375 0.12890625 0.05078125
0 0.63203125 0.54609375 0.1265625 0.1890625
0 0.73125 0.55 0.0640625 0.190625
0 0.83125 0.584375 0.134375 0.1484375
0 0.94921875 0.553125 0.10078125 0.184375
1 0.83125 0.48359375 0.13359375 0.05703125
0 0.09140625 0.778125 0.1828125 0.13359375
1 0.0921875 0.67734375 0.18359375 0.0625
0 0.2109375 0.77734375 0.0546875 0.09140625
1 0.2375 0.68515625 0.10546875 0.06328125
1 0.21171875 0.72578125 0.0515625 0.0125
1 0.2109375 0.83203125 0.053125 0.0203125
0 0.26484375 0.784375 0.05234375 0.13203125
0 0.37578125 0.7671875 0.17109375 0.17109375
1 0.375 0.6671875 0.1671875 0.025
1 0.73046875 0.67890625 0.53828125 0.04609375
0 0.51171875 0.778125 0.1 0.146875
0 0.61875 0.76875 0.11171875 0.1296875
0 0.75546875 0.7765625 0.15859375 0.146875
0 0.909375 0.77734375 0.14765625 0.14375
0 0.99296875 0.78203125 0.0140625 0.15234375
1 0.61875 0.84375 0.1109375 0.0171875
0 0.08828125 0.93203125 0.17578125 0.1359375
0 0.18515625 0.93515625 0.0203125 0.12890625
0 0.2375 0.97734375 0.0796875 0.0453125
0 0.390625 0.93671875 0.22265625 0.1265625
0 0.5640625 0.9375 0.121875 0.125
0 0.67578125 0.93515625 0.10234375 0.12890625
0 0.7921875 0.9359375 0.12578125 0.12578125
0 0.928125 0.9359375 0.14296875 0.128125
1 0.2375 0.9109375 0.078125 0.0875