1 0.91171875 0.97265625 0.1765625 0.0515625
0 0.97265625 0.80859375 0.0546875 0.1921875
1 0.96953125 0.67421875 0.0609375 0.07265625
0 0.88984375 0.76796875 0.09453125 0.26796875
0 0.8109375 0.6125 0.07109375 0.575
0 0.92265625 0.4671875 0.1546875 0.27578125
0 0.92265625 0.18125 0.1546875 0.22109375
1 0.928125 0.053125 0.14296875 0.03359375
0 0.81484375 0.2203125 0.053125 0.209375
0 0.6265625 0.165625 0.31953125 0.1234375
0 0.0359375 0.134375 0.071875 0.178125
0 0.18125 0.12265625 0.09296875 0.21015625
0 0.2640625 0.16015625 0.05703125 0.13203125
0 0.31875 0.1828125 0.04765625 0.1
0 0.36328125 0.18359375 0.046875 0.09453125
1 0.0359375 0.028125 0.071875 0.0328125
1 0.10546875 0.11171875 0.06015625 0.2140625
1 0.26484375 0.05546875 0.06484375 0.075
1 0.34375 0.0765625 0.0890625 0.1140625
1 0.428125 0.128125 0.07265625 0.2015625
1 0.62578125 0.0640625 0.32109375 0.0703125
0 0.7 0.81953125 0.1171875 0.26484375
0 0.59375 0.86953125 0.09765625 0.1734375
1 0.59140625 0.73203125 0.09375 0.09765625
0 0.4921875 0.80625 0.1 0.23125
1 0.49296875 0.9375 0.1046875 0.028125
0 0.403125 0.74921875 0.078125 0.1203125
1 0.3421875 0.7515625 0.03828125 0.121875
0 0.38515625 0.8859375 0.1125 0.140625
1 0.2859375 0.81953125 0.084375 0.2609375
0 0.1953125 0.81953125 0.09375 0.26015625
0 0.075 0.878125 0.146875 0.14296875
1 0.07265625 0.74453125 0.14453125 0.11875
1 0.753125 0.56640625 0.02734375 0.178125
0 0.1015625 0.56328125 0.19921875 0.175
0 0.46875 0.58125 0.53671875 0.1484375
1 0.47265625 0.49453125 0.534375 0.034375
0 0.6453125 0.37578125 0.21484375 0.128125
1 0.76328125 0.3640625 0.01796875 0.1828125
1 0.73125 0.290625 0.04140625 0.04453125
1 0.58671875 0.2875 0.096875 0.03828125
1 0.5203125 0.309375 0.028125 0.1015625
1 0.4671875 0.3265625 0.0765625 0.0609375
0 0.4828125 0.4 0.1109375 0.08671875
0 0.36875 0.35234375 0.1125 0.178125
0 0.2828125 0.39375 0.053125 0.08984375
1 0.2828125 0.30546875 0.0546875 0.08671875
0 0.125 0.36015625 0.25 0.1578125
1 0.125 0.2671875 0.25 0.02578125
1 0.7671875 0.79609375 0.0171875 0.2140625