0 0.01953125 0.44765625 0.0375 0.15390625
0 0.0578125 0.475 0.03828125 0.0875
0 0.01796875 0.64453125 0.0359375 0.15625
0 0.059375 0.6546875 0.03515625 0.10625
0 0.02421875 0.85625 0.04765625 0.17734375
0 0.06328125 0.86484375 0.02578125 0.109375
0 0.253125 0.22890625 0.14375 0.1546875
0 0.16171875 0.2625 0.0375 0.07734375
0 0.51484375 0.2375 0.209375 0.12890625
0 0.67734375 0.265625 0.11015625 0.0796875
0 0.82890625 0.265625 0.1953125 0.0796875
0 0.22421875 0.421875 0.09296875 0.175
0 0.159375 0.471875 0.03203125 0.08515625
0 0.24140625 0.61640625 0.2140625 0.1390625
0 0.3828125 0.58984375 0.05703125 0.0859375
0 0.44375 0.61640625 0.053125 0.14296875
0 0.6421875 0.62265625 0.08671875 0.13359375
0 0.7640625 0.62265625 0.13984375 0.13984375
0 0.19609375 0.7984375 0.1 0.1703125
0 0.340625 0.80078125 0.09140625 0.16328125
0 0.471875 0.803125 0.153125 0.16953125
0 0.771875 0.803125 0.221875 0.15390625
0 0.22109375 0.95859375 0.1171875 0.0828125
0 0.54921875 0.96171875 0.07890625 0.07578125
0 0.84140625 0.9546875 0.3171875 0.08984375
0 0.43515625 0.42109375 0.3234375 0.1828125
0 0.68359375 0.46015625 0.16875 0.12421875
1 0.3671875 0.228125 0.078125 0.1546875
1 0.51640625 0.1578125 0.21328125 0.02421875
1 0.809375 0.18515625 0.37578125 0.071875
1 0.96484375 0.265625 0.06953125 0.08515625
1 0.884375 0.43046875 0.23046875 0.19375
1 0.38359375 0.6546875 0.05859375 0.059375
1 0.53515625 0.621875 0.115625 0.14609375
1 0.91484375 0.621875 0.16640625 0.134375
1 0.9421875 0.80234375 0.1125 0.16171875
1 0.60703125 0.803125 0.1109375 0.16328125
1 0.271875 0.80234375 0.040625 0.1640625
1 0.39765625 0.95703125 0.21875 0.0859375
1 0.6328125 0.95859375 0.09375 0.0828125
1 0.68359375 0.365625 0.16640625 0.06796875